pre,true
3.763801097869873,5.43
4.51889705657959,5.280000000000001
4.224586486816406,5.169999999999998
4.149419784545898,5.18
3.8169941902160645,5.309999999999999
4.368769645690918,5.25
4.353386878967285,5.350000000000001
4.2329559326171875,5.52
4.192953109741211,5.379999999999999
4.435881614685059,5.379999999999999
4.405391216278076,5.43
4.389816761016846,5.379999999999999
4.449058532714844,5.620000000000001
4.790323257446289,5.459999999999997
4.678189277648926,5.41
4.43296480178833,5.309999999999999
4.628690719604492,5.27
4.070794105529785,5.420000000000002
4.121425628662109,5.23
4.071828365325928,5.330000000000002
4.505326271057129,5.420000000000002
4.631134033203125,5.420000000000002
4.315674781799316,5.41
4.274094581604004,5.359999999999999
4.371736526489258,5.330000000000002
4.296629905700684,5.34
4.539798259735107,5.34
4.27495002746582,5.539999999999999
4.7150444984436035,5.469999999999999
4.677281379699707,5.400000000000002
4.7813873291015625,5.560000000000002
4.709914207458496,5.25
4.339877128601074,5.34
4.2834296226501465,5.360000000000003
4.367581844329834,5.330000000000002
4.299646377563477,5.34
4.389686584472656,5.32
4.3678107261657715,5.300000000000001
4.471463203430176,5.419999999999998
4.525976657867432,5.43
4.363352298736572,5.390000000000001
4.866038799285889,5.469999999999999
4.162762641906738,5.329999999999998
4.332111835479736,5.389999999999997
4.303719520568848,5.760000000000002
4.784501075744629,5.299999999999997
4.070838451385498,5.34
4.42476224899292,5.309999999999999
3.9939942359924316,5.309999999999999
4.091011047363281,5.280000000000001
4.071533679962158,5.329999999999998
4.485418796539307,5.399999999999999
4.749978065490723,4.949999999999999
3.8728814125061035,1.7600000000000016
1.5886459350585938,2.25
1.750311255455017,4.5
3.562614679336548,5.41
4.782512187957764,5.260000000000002
3.7964117527008057,5.279999999999998
4.583941459655762,5.23
5.19966983795166,5.399999999999999
5.431339263916016,5.329999999999998
4.2736406326293945,5.289999999999999
3.940948009490967,5.370000000000001
4.199204444885254,5.289999999999999
4.372798442840576,5.73
4.810468673706055,5.390000000000001
4.434627532958984,5.469999999999999
4.651273250579834,5.27
4.377188682556152,5.02
3.937096118927002,5.34
3.88223934173584,5.329999999999998
4.427224159240723,5.32
4.525073051452637,5.149999999999999
4.095422267913818,5.329999999999998
4.399757385253906,5.329999999999998
4.875460147857666,5.18
4.286933422088623,5.370000000000001
4.018845558166504,5.419999999999998
4.4971818923950195,5.329999999999998
4.4311089515686035,5.199999999999999
4.316727161407471,5.73
4.562502861022949,5.52
4.474557876586914,5.149999999999999
4.236366271972656,5.329999999999998
4.241150379180908,5.259999999999998
4.315055847167969,5.300000000000001
4.1713690757751465,5.309999999999999
4.074228286743164,5.52
4.4892377853393555,5.340000000000003
4.42594051361084,5.289999999999999
3.9731297492980957,5.210000000000001
4.084473133087158,5.189999999999998
4.145040512084961,5.170000000000002
4.203970432281494,5.210000000000001
4.356318473815918,5.370000000000001
4.27937650680542,5.350000000000001
4.109777450561523,5.18
4.008491039276123,5.300000000000001
4.202802658081055,5.32
4.518798351287842,5.220000000000002
4.096311092376709,5.25
4.238752365112305,5.310000000000002
4.370721817016602,5.190000000000001
4.057581424713135,5.300000000000001
4.131638526916504,5.280000000000001
3.9015510082244873,5.280000000000001
4.395824909210205,5.23
4.09180212020874,5.23
4.392001152038574,5.210000000000001
4.115548133850098,5.290000000000003
4.39055061340332,5.110000000000003
4.237194061279297,5.149999999999999
4.277448654174805,5.920000000000002
4.980034828186035,6.649999999999999
5.167496204376221,6.550000000000001
5.1213836669921875,6.510000000000002
5.277223587036133,6.59
5.073960781097412,6.469999999999999
5.012698173522949,6.280000000000001
4.678974151611328,6.449999999999999
4.812943935394287,6.469999999999999
4.910438537597656,6.669999999999998
5.09254789352417,6.619999999999997
4.8589630126953125,6.66
5.220230579376221,6.669999999999998
5.075653076171875,6.539999999999999
4.946160793304443,6.719999999999999
4.9507012367248535,6.490000000000002
5.003820419311523,6.510000000000002
5.038571357727051,6.5
4.898385047912598,6.460000000000001
4.948304653167725,6.600000000000001
4.955568790435791,6.59
4.96738862991333,6.52
4.900889873504639,6.43
4.997855186462402,6.619999999999997
5.19939661026001,6.73
5.172455310821533,6.699999999999999
5.081944942474365,6.699999999999999
5.1715264320373535,6.689999999999998
4.986762523651123,6.620000000000001
4.785655498504639,6.830000000000002
5.231529235839844,7.080000000000002
5.038936138153076,7.25
5.314566135406494,6.969999999999999
4.967466354370117,6.779999999999998
5.245102882385254,6.970000000000002
5.2654523849487305,6.66
5.049471378326416,6.530000000000001
4.793694972991943,6.84
4.732706546783447,6.849999999999998
5.098934650421143,6.629999999999999
5.100741863250732,6.799999999999997
5.276137351989746,6.629999999999999
5.012453079223633,6.93
5.2798614501953125,6.710000000000001
5.018739700317383,6.780000000000001
4.942649841308594,7.119999999999997
5.037457466125488,7.039999999999999
5.166607856750488,6.740000000000002
5.221981048583984,6.82
5.109152317047119,6.880000000000003
4.88193416595459,7.009999999999998
5.2383575439453125,7.050000000000001
5.0908989906311035,6.989999999999998
5.321484088897705,6.859999999999999
4.819699287414551,6.859999999999999
5.118634223937988,7.080000000000002
5.286076068878174,6.790000000000003
5.3382062911987305,7.009999999999998
5.275132656097412,7.140000000000001
5.2833251953125,7.07
5.440306186676025,7.080000000000002
5.200026988983154,7.300000000000001
5.2300705909729,7.080000000000002
5.004570960998535,6.949999999999999
5.256677150726318,6.91
5.236851692199707,6.950000000000003
5.034665107727051,7.030000000000001
5.113082408905029,7.009999999999998
5.004238128662109,6.940000000000001
5.1190185546875,7.040000000000003
5.4887213706970215,6.920000000000002
5.0104265213012695,7.129999999999999
5.157633304595947,7.0
5.278477191925049,6.800000000000001
5.222309112548828,7.07
5.112527370452881,6.73
4.65458869934082,7.099999999999998
5.26352071762085,6.82
5.088237285614014,6.75
5.039459705352783,6.830000000000002
5.005654811859131,7.02
5.104452133178711,6.800000000000001
5.064235687255859,7.07
5.138211727142334,6.98
5.257330894470215,7.27
5.3903045654296875,6.969999999999999
5.274405479431152,6.699999999999999
5.129729270935059,7.02
5.283034801483154,7.16
5.065603733062744,7.309999999999999
4.875328540802002,6.979999999999997
5.130537033081055,6.84
5.108435153961182,6.739999999999998
5.08059549331665,6.739999999999998
4.811219215393066,6.870000000000001
4.861116409301758,6.780000000000001
4.946579456329346,6.84
5.044707298278809,6.779999999999998
5.0927276611328125,6.789999999999999
5.233944892883301,6.940000000000001
5.386585235595703,7.119999999999997
5.234898567199707,7.09
5.081467151641846,6.959999999999997
5.042466163635254,7.059999999999999
5.003288269042969,6.879999999999999
5.22630500793457,7.109999999999999
5.310807704925537,7.07
5.227312088012695,7.059999999999999
5.292087078094482,7.030000000000001
5.232981204986572,7.010000000000002
5.271080493927002,7.02
5.1264238357543945,7.029999999999998
4.886497497558594,7.229999999999997
5.2591447830200195,7.969999999999999
5.3370466232299805,7.0
5.483114242553711,6.759999999999998
4.793190956115723,6.969999999999999
5.049473762512207,7.279999999999998
5.319857597351074,6.890000000000001
4.718584060668945,6.890000000000001
4.956002235412598,7.030000000000001
5.3383073806762695,6.84
5.25279426574707,7.079999999999998
5.246535778045654,6.890000000000001
4.9970221519470215,7.270000000000003
5.5828680992126465,7.780000000000001
5.318490028381348,7.079999999999998
5.200808048248291,6.940000000000001
5.240978240966797,7.409999999999997
5.177012920379639,7.799999999999997
5.373673915863037,6.98
5.147761344909668,7.09
5.203418731689453,7.039999999999999
5.204441070556641,6.880000000000003
5.266679763793945,6.960000000000001
5.2158918380737305,7.25
4.988433837890625,7.030000000000001
5.037537097930908,7.989999999999998
5.339568614959717,7.900000000000002
5.054661750793457,7.850000000000001
5.185378551483154,7.180000000000003
5.1570725440979,7.649999999999999
5.375924110412598,8.149999999999999
5.128092288970947,7.280000000000001
5.031157970428467,7.66
5.224635124206543,7.119999999999997
5.221963882446289,6.940000000000001
5.050646781921387,6.930000000000003
5.077427387237549,6.869999999999997
5.1084489822387695,7.079999999999998
5.008509159088135,6.84
4.851975440979004,6.91
5.002754211425781,7.330000000000002
5.102478504180908,7.529999999999998
5.298886775970459,7.300000000000001
5.240657806396484,7.18
5.338038921356201,6.91
5.349140644073486,7.109999999999999
5.390671253204346,6.789999999999999
5.0696539878845215,7.02
5.024136066436768,6.890000000000001
5.0139546394348145,6.889999999999997
5.0634331703186035,7.010000000000002
5.044438362121582,6.959999999999997
5.2463908195495605,6.870000000000001
5.032965660095215,6.859999999999999
4.933918476104736,6.900000000000002
5.117917537689209,7.030000000000001
5.1067962646484375,6.870000000000001
5.113423824310303,6.870000000000001
5.141726970672607,6.870000000000001
5.115316867828369,7.16
5.224170684814453,7.25
5.1809773445129395,7.16
5.3057756423950195,7.619999999999997
5.197329521179199,7.25
5.306464672088623,7.009999999999998
5.3516035079956055,6.93
4.984595775604248,6.829999999999998
4.912306308746338,6.77
4.854958534240723,6.629999999999999
4.806887149810791,6.880000000000003
4.80949592590332,6.890000000000001
4.9544267654418945,6.780000000000001
5.101625442504883,7.059999999999999
5.325579643249512,6.810000000000002
5.199446201324463,6.690000000000001
4.983749866485596,6.540000000000003
5.143343448638916,7.25
5.363292694091797,6.489999999999998
4.954553127288818,6.539999999999999
4.825700759887695,6.77
5.099726676940918,6.979999999999997
5.307250499725342,7.16
5.148312091827393,6.920000000000002
4.7164306640625,6.559999999999999
4.841874122619629,6.599999999999998
4.9384307861328125,6.57
4.904048919677734,6.649999999999999
4.9603705406188965,6.450000000000003
5.005311012268066,6.449999999999999
5.026453971862793,6.609999999999999
5.058284282684326,6.66
4.853134632110596,6.66
5.126435279846191,6.600000000000001
4.632404804229736,6.489999999999998
4.841677665710449,6.600000000000001
4.991226673126221,6.709999999999997
5.009868621826172,6.359999999999999
4.784275054931641,6.529999999999998
5.081869602203369,6.309999999999999
4.766756057739258,6.550000000000001
5.080377578735352,6.529999999999998
4.861091613769531,7.34
4.7638421058654785,6.789999999999999
4.94968318939209,6.489999999999998
4.974131107330322,6.57
5.213798999786377,6.509999999999998
4.8277459144592285,6.759999999999998
5.288802146911621,6.510000000000002
5.0103888511657715,6.5
4.750533580780029,6.52
4.854158401489258,6.470000000000002
5.095125675201416,6.5
4.7578535079956055,6.32
4.648399353027344,6.349999999999998
5.08447265625,6.390000000000001
4.966821193695068,6.43
4.8954339027404785,6.66
5.072785377502441,6.359999999999999
5.097427845001221,6.32
4.967324256896973,6.32
4.663547515869141,6.469999999999999
5.018263339996338,6.640000000000001
4.858498573303223,6.41
4.764238357543945,6.41
4.737070560455322,6.399999999999999
5.0246100425720215,6.329999999999998
5.103704929351807,6.359999999999999
4.883437156677246,6.470000000000002
4.899672031402588,6.43
5.00726842880249,6.59
5.0694122314453125,6.439999999999998
4.93739652633667,6.510000000000002
4.950469970703125,6.5
4.950735092163086,6.870000000000001
4.95525598526001,6.830000000000002
4.87537145614624,7.030000000000001
4.995100021362305,6.640000000000001
5.14332914352417,6.620000000000001
4.975411415100098,6.52
5.020135879516602,6.59
5.008877754211426,6.520000000000003
5.054771900177002,6.510000000000002
4.960470199584961,6.5
4.745612144470215,6.579999999999998
4.912845611572266,6.5
5.05570125579834,6.420000000000002
4.809392929077148,6.57
4.849952697753906,6.720000000000002
5.1062912940979,6.579999999999998
5.041492938995361,6.460000000000001
4.8940606117248535,6.440000000000001
4.8045973777771,6.490000000000002
4.963597297668457,6.380000000000003
4.828323841094971,6.379999999999999
4.824921607971191,6.669999999999998
5.293848037719727,6.640000000000001
5.18565034866333,6.59
4.971864700317383,6.509999999999998
4.898077011108398,6.479999999999997
5.14272403717041,6.580000000000002
4.982278823852539,6.300000000000001
4.650984764099121,6.439999999999998
4.972065448760986,6.599999999999998
5.042442321777344,6.329999999999998
4.742149829864502,6.469999999999999
4.995750427246094,6.469999999999999
4.8488898277282715,6.539999999999999
5.081667900085449,6.510000000000002
4.795496463775635,6.289999999999999
4.7703351974487305,6.359999999999999
5.098556041717529,6.91
4.86241340637207,7.330000000000002
4.8713836669921875,6.609999999999999
4.844724178314209,6.52
4.9599080085754395,6.329999999999998
5.058878421783447,6.390000000000001
4.8822855949401855,6.390000000000001
4.999234199523926,6.350000000000001
4.830777645111084,6.529999999999998
5.0276994705200195,6.420000000000002
4.998143196105957,6.540000000000003
4.988835334777832,6.32
4.989168167114258,6.48
4.943572521209717,6.449999999999999
5.001604080200195,6.559999999999999
5.214720249176025,6.559999999999999
5.058981895446777,6.509999999999998
4.975347518920898,6.420000000000002
4.927423477172852,6.299999999999997
4.839149475097656,6.470000000000002
4.958697319030762,6.369999999999997
4.835546970367432,6.600000000000001
5.019492149353027,6.34
4.7600789070129395,6.289999999999999
4.497359752655029,6.57
5.156281471252441,6.450000000000003
5.014774799346924,6.390000000000001
4.745813846588135,6.360000000000003
4.860387325286865,6.469999999999999
4.956256866455078,6.440000000000001
5.351288795471191,6.610000000000003
5.02974796295166,6.330000000000002
4.914427757263184,6.32
4.931133270263672,6.34
4.990118026733398,6.32
4.69816780090332,6.48
4.80601167678833,6.359999999999999
4.783479690551758,6.349999999999998
4.869132995605469,6.280000000000001
4.726389408111572,6.319999999999997
4.928401947021484,6.32
5.005078315734863,6.379999999999999
5.162624359130859,6.23
4.7369842529296875,6.34
4.594645977020264,6.430000000000003
4.599005699157715,6.510000000000002
5.078723907470703,6.280000000000001
4.9711737632751465,6.240000000000002
4.804680347442627,6.390000000000001
5.0929694175720215,6.219999999999999
5.062979221343994,6.27
5.03002405166626,6.200000000000003
4.642065048217773,6.289999999999999
4.7461981773376465,6.420000000000002
4.900549411773682,6.260000000000002
4.727545738220215,6.32
4.863347053527832,6.490000000000002
4.560356140136719,6.789999999999999
5.035969257354736,6.879999999999999
4.734131336212158,7.120000000000001
5.093561172485352,7.109999999999999
4.977201461791992,6.449999999999999
4.939635753631592,6.48
5.076243877410889,6.440000000000001
4.920408725738525,6.349999999999998
4.9237213134765625,6.289999999999999
4.511349201202393,6.279999999999998
4.721810817718506,6.48
4.752475261688232,6.370000000000001
4.932244300842285,6.260000000000002
4.8784894943237305,6.280000000000001
4.944726943969727,6.34
4.950734615325928,6.27
4.963489055633545,6.23
5.164813995361328,6.48
5.2665181159973145,6.23
4.534693717956543,6.350000000000001
4.779261112213135,6.450000000000003
4.90424919128418,6.43
4.917257308959961,6.84
4.686327934265137,6.600000000000001
4.583154201507568,7.550000000000001
5.147806644439697,6.420000000000002
4.8443708419799805,6.43
4.76293420791626,6.309999999999999
4.9654765129089355,6.310000000000002
4.677252769470215,6.150000000000002
4.652113914489746,6.41
4.696377754211426,6.41
4.663492202758789,6.399999999999999
5.032543182373047,6.219999999999999
4.599771022796631,6.25
5.036319255828857,6.220000000000002
4.919631481170654,6.41
4.970953941345215,6.190000000000001
4.924144744873047,6.32
4.99188232421875,6.460000000000001
5.122712135314941,6.379999999999999
5.004665851593018,7.040000000000003
4.944601058959961,6.850000000000001
4.867854595184326,6.340000000000003
4.726291656494141,6.379999999999999
4.799080848693848,6.310000000000002
4.800099849700928,6.23
4.69934606552124,6.289999999999999
4.834255218505859,6.189999999999998
4.807562828063965,6.140000000000001
4.8893232345581055,6.280000000000001
4.703597545623779,6.370000000000001
4.9671454429626465,6.280000000000001
4.973410129547119,6.300000000000001
4.938887596130371,6.419999999999998
4.956731796264648,6.280000000000001
4.87798547744751,6.559999999999999
4.850771427154541,6.760000000000002
4.77079963684082,6.59
4.851363182067871,6.379999999999999
4.762332916259766,6.260000000000002
4.78809928894043,6.440000000000001
4.792281150817871,6.359999999999999
5.069708347320557,6.25
4.962134838104248,6.23
4.862959861755371,6.23
5.124296188354492,6.43
5.094338417053223,6.34
5.009540557861328,6.369999999999997
4.915217399597168,6.48
5.17773962020874,6.329999999999998
4.70782470703125,6.399999999999999
4.915356636047363,6.07
4.46549129486084,6.850000000000001
4.978845596313477,7.460000000000001
4.705569267272949,7.839999999999998
4.936469078063965,6.699999999999999
4.939413070678711,6.370000000000001
5.106164455413818,6.41
5.1647748947143555,6.400000000000002
4.9813032150268555,6.280000000000001
4.828442573547363,6.420000000000002
5.366839408874512,6.370000000000001
4.973644733428955,6.290000000000003
4.752162456512451,6.220000000000002
4.611927509307861,6.260000000000002
4.719194412231445,6.25
4.69270658493042,6.25
4.829468727111816,6.43
5.089391231536865,6.300000000000001
4.959941864013672,6.349999999999998
4.797253608703613,6.43
5.1577959060668945,6.770000000000003
4.816937446594238,6.600000000000001
4.784457206726074,7.420000000000002
4.739295959472656,7.68
5.005191326141357,6.66
5.29414701461792,6.529999999999998
4.9649810791015625,6.379999999999999
4.9492716789245605,6.289999999999999
4.769423007965088,6.289999999999999
4.849306106567383,6.5
4.844039440155029,6.27
4.740998268127441,6.289999999999999
5.10341215133667,6.579999999999998
5.010763645172119,6.610000000000003
5.314735412597656,6.449999999999999
4.693933010101318,6.5
4.949910640716553,6.440000000000001
4.97084379196167,6.470000000000002
4.7543206214904785,6.59
5.124751567840576,6.359999999999999
4.894948482513428,7.060000000000002
5.0947370529174805,7.09
4.913643836975098,7.48
4.971255302429199,6.940000000000001
4.654361724853516,6.680000000000003
5.25782585144043,6.77
5.055007457733154,6.690000000000001
5.150860786437988,6.710000000000001
5.117219924926758,6.870000000000001
5.425530433654785,6.960000000000001
5.453943252563477,6.790000000000003
4.931609630584717,6.789999999999999
5.109243869781494,6.73
5.165435314178467,6.919999999999998
5.007003307342529,6.879999999999999
5.135890483856201,6.869999999999997
5.064486503601074,6.780000000000001
5.042997360229492,6.82
4.883182525634766,6.760000000000002
4.856530666351318,6.610000000000003
4.917633056640625,6.66
4.6860880851745605,6.699999999999999
5.102471351623535,7.049999999999997
5.284543991088867,6.759999999999998
5.0196614265441895,6.59
5.124069690704346,6.850000000000001
5.4942731857299805,6.530000000000001
5.12335205078125,6.719999999999999
5.2407989501953125,6.57
4.986651420593262,6.73
5.593621253967285,6.350000000000001
4.56072998046875,6.419999999999998
4.840846061706543,6.620000000000001
4.899186134338379,6.66
4.938946723937988,6.559999999999999
4.873428821563721,6.710000000000001
4.982432842254639,6.620000000000001
5.030057907104492,6.680000000000003
4.940600395202637,6.469999999999999
4.514582633972168,6.530000000000001
4.992461204528809,6.75
5.072108268737793,6.559999999999999
4.986311435699463,6.699999999999999
5.152932643890381,6.689999999999998
5.374621391296387,6.539999999999999
5.122096061706543,6.289999999999999
5.100888252258301,6.34
4.352781772613525,6.400000000000002
4.698204517364502,6.52
4.85990047454834,6.68
4.6894850730896,7.120000000000001
5.053507328033447,8.0
5.070572853088379,7.939999999999998
5.4922380447387695,7.289999999999999
4.796905994415283,7.120000000000001
5.233120441436768,6.899999999999999
4.989317893981934,6.579999999999998
4.772057056427002,6.52
4.874192714691162,6.530000000000001
5.166712760925293,6.27
4.996458530426025,6.430000000000003
5.1742353439331055,6.530000000000001
5.029140472412109,6.34
5.221221446990967,6.709999999999997
5.411350727081299,6.449999999999999
5.006657600402832,6.420000000000002
4.843530654907227,6.41
4.694694519042969,6.43
4.714497089385986,6.360000000000003
4.89030647277832,6.18
4.803635120391846,6.330000000000002
4.7651495933532715,6.32
4.452375888824463,6.850000000000001
5.015872001647949,6.23
4.840970993041992,6.789999999999999
4.966855049133301,7.020000000000003
4.789780616760254,6.850000000000001
5.103437423706055,6.809999999999999
5.041945934295654,6.52
5.231060981750488,6.609999999999999
4.927028656005859,6.43
4.798032283782959,6.48
5.074090957641602,6.310000000000002
4.979382514953613,6.349999999999998
4.980022430419922,6.52
4.761277675628662,6.43
5.051267623901367,6.359999999999999
4.61744499206543,6.539999999999999
4.857305526733398,6.379999999999999
4.566701889038086,6.460000000000001
4.714627742767334,6.5
4.9936723709106445,6.390000000000001
5.325347900390625,6.43
5.366652488708496,6.48
4.80006742477417,6.369999999999997
5.283357620239258,6.5
5.088465213775635,6.389999999999997
5.098108291625977,6.390000000000001
5.007772922515869,6.559999999999999
4.819747447967529,6.400000000000002
5.043706893920898,6.440000000000001
4.745635986328125,6.48
5.413962364196777,6.5
4.900491714477539,6.34
4.969801902770996,6.550000000000001
5.136784553527832,6.449999999999999
4.76392126083374,6.210000000000001
4.54682731628418,6.59
4.897563457489014,6.620000000000001
4.965602874755859,6.129999999999999
4.658251762390137,6.34
5.105414390563965,6.920000000000002
5.122356414794922,6.829999999999998
4.90331506729126,7.109999999999999
4.766173362731934,7.02
5.24657678604126,6.510000000000002
5.364470958709717,6.370000000000001
4.652642250061035,6.48
5.009093284606934,6.640000000000001
5.193787097930908,6.41
5.221922874450684,6.689999999999998
5.1824541091918945,6.470000000000002
5.014631271362305,6.710000000000001
5.290737152099609,7.09
5.262221813201904,7.479999999999997
5.091497898101807,7.800000000000001
4.635167121887207,7.280000000000001
4.647958278656006,6.759999999999998
5.113143444061279,6.52
4.938826560974121,6.57
5.1565260887146,6.289999999999999
4.579450607299805,6.330000000000002
5.307254791259766,6.43
4.91342830657959,6.350000000000001
4.801633358001709,6.43
4.737473011016846,6.32
4.822840213775635,6.789999999999999
5.065572738647461,6.879999999999999
5.014450550079346,7.65
5.032276153564453,6.98
4.72274112701416,6.699999999999999
5.070859909057617,6.280000000000001
4.847408294677734,6.48
4.643990993499756,6.43
4.695127487182617,6.469999999999999
5.011797904968262,6.189999999999998
5.0108442306518555,6.259999999999998
4.792215347290039,6.390000000000001
5.176377773284912,6.370000000000001
5.234551429748535,6.460000000000001
4.687138557434082,6.359999999999999
4.902970314025879,6.349999999999998
4.732645034790039,6.330000000000002
4.749581336975098,6.48
4.705783843994141,6.399999999999999
5.288888454437256,6.620000000000001
5.350383758544922,6.57
5.039451599121094,6.84
5.1564507484436035,6.549999999999997
5.137907981872559,6.48
4.629491329193115,6.830000000000002
4.928417682647705,6.830000000000002
4.796617031097412,6.559999999999999
4.9916887283325195,6.34
4.834166049957275,6.539999999999999
5.254214763641357,6.140000000000001
4.765031814575195,6.460000000000001
5.139810085296631,6.27
4.651360988616943,6.190000000000001
4.686702251434326,6.119999999999997
4.926842212677002,6.359999999999999
4.920770168304443,6.27
4.90011739730835,6.470000000000002
5.171262741088867,6.309999999999999
4.838123798370361,6.349999999999998
5.037181854248047,6.229999999999997
5.154186248779297,6.419999999999998
4.973971843719482,6.140000000000001
4.920213222503662,6.220000000000002
4.551468849182129,6.23
4.818451881408691,6.280000000000001
4.805138111114502,6.350000000000001
4.982254981994629,6.359999999999999
4.825440883636475,6.440000000000001
4.730679512023926,6.310000000000002
4.7459893226623535,6.080000000000002
4.710165977478027,6.170000000000002
4.751672744750977,6.289999999999999
4.900611877441406,6.370000000000001
5.202424049377441,6.280000000000001
4.921461582183838,6.16
4.5700531005859375,6.210000000000001
5.062934875488281,6.469999999999999
4.976167678833008,6.25
4.6688337326049805,6.649999999999999
4.625935077667236,6.82
5.402787685394287,5.530000000000001
4.51771879196167,4.27
3.4718258380889893,3.979999999999997
2.950104236602783,3.3900000000000006
2.0727591514587402,2.75
1.8427491188049316,2.7099999999999973
1.8428044319152832,2.8500000000000014
2.3444201946258545,2.8200000000000003
2.3439018726348877,2.7699999999999996
2.430893659591675,2.8500000000000014
2.6288132667541504,2.7900000000000027
2.7709543704986572,2.7699999999999996
2.554372549057007,2.6899999999999977
2.570431709289551,2.8200000000000003
2.4826481342315674,2.7699999999999996
2.9433794021606445,2.8200000000000003
2.5491044521331787,2.8599999999999994
2.6834535598754883,2.8100000000000023
2.8661744594573975,2.8000000000000007
2.5449578762054443,2.870000000000001
2.6254377365112305,2.719999999999999
2.265254497528076,2.8900000000000006
2.8552122116088867,2.8299999999999983
2.8660764694213867,2.780000000000001
2.5921757221221924,2.7600000000000016
2.9687883853912354,2.969999999999999
3.054964065551758,2.969999999999999
2.827131509780884,2.8200000000000003
2.4688117504119873,2.9200000000000017
2.6946680545806885,2.7600000000000016
2.893843173980713,2.919999999999998
3.0715038776397705,3.0700000000000003
2.743757963180542,2.950000000000003
2.8700594902038574,2.8599999999999994
2.5556116104125977,3.009999999999998
3.1065986156463623,2.849999999999998
3.0330941677093506,2.9499999999999993
2.7561285495758057,2.9700000000000024
3.0849223136901855,3.039999999999999
2.74878191947937,2.8999999999999986
2.784371852874756,2.8000000000000007
2.900344133377075,2.8500000000000014
2.4555294513702393,2.919999999999998
2.942340850830078,2.9800000000000004
2.714291572570801,3.1099999999999994
2.707049608230591,2.84
3.0126423835754395,3.009999999999998
2.7151174545288086,2.8500000000000014
2.2196409702301025,2.9800000000000004
2.6909830570220947,2.84
3.027578115463257,2.8900000000000006
3.1574790477752686,2.9200000000000017
3.2271008491516113,3.0
3.102764368057251,3.0700000000000003
3.108306407928467,3.0100000000000016
2.462932825088501,2.950000000000003
2.646170139312744,3.1000000000000014
3.0722944736480713,2.7399999999999984
2.346137523651123,2.9299999999999997
2.814560890197754,2.8099999999999987
2.9058310985565186,3.0799999999999983
3.0097768306732178,2.960000000000001
2.7537221908569336,2.8100000000000023
2.782496213912964,2.879999999999999
2.8200716972351074,2.849999999999998
2.901780843734741,2.830000000000002
2.5571436882019043,2.9400000000000013
2.839155435562134,2.9700000000000024
2.6510612964630127,2.8200000000000003
2.531388998031616,2.919999999999998
2.440793037414551,2.8099999999999987
2.790729284286499,2.9299999999999997
2.814962863922119,2.7699999999999996
2.3947694301605225,2.8299999999999983
2.9683542251586914,2.8000000000000007
2.528972864151001,2.950000000000003
2.5101935863494873,2.9700000000000024
2.7899703979492188,2.8000000000000007
2.603396415710449,2.8699999999999974
2.573380470275879,2.860000000000003
2.7964000701904297,2.91
3.0184264183044434,2.8800000000000026
2.904897928237915,2.870000000000001
2.798250913619995,2.870000000000001
2.5556163787841797,2.919999999999998
2.6409695148468018,2.9399999999999977
2.692786455154419,2.919999999999998
2.680318832397461,2.8900000000000006
2.4908125400543213,2.770000000000003
2.9813740253448486,2.8500000000000014
3.3144705295562744,2.8999999999999986
2.9699902534484863,2.960000000000001
3.014881134033203,2.969999999999999
2.748655080795288,2.879999999999999
2.7603442668914795,2.8299999999999983
2.34261417388916,3.0
2.8703243732452393,2.91
3.0537197589874268,2.960000000000001
2.9040215015411377,2.9800000000000004
2.849963665008545,3.049999999999997
3.0856778621673584,2.990000000000002
2.972414016723633,2.9800000000000004
3.073291063308716,3.0
2.6054983139038086,2.9400000000000013
3.1139533519744873,2.9800000000000004
2.7995667457580566,2.91
2.81418514251709,3.129999999999999
2.957146167755127,2.8900000000000006
2.297943353652954,3.0
3.2004852294921875,2.870000000000001
2.815568208694458,2.8900000000000006
2.5469048023223877,2.9299999999999997
2.508605480194092,2.8599999999999994
2.7130494117736816,2.91
2.759070873260498,2.9800000000000004
2.731598377227783,3.0500000000000007
2.7299163341522217,2.9499999999999993
2.9563658237457275,2.9400000000000013
2.7259438037872314,3.039999999999999
2.7587342262268066,3.0299999999999976
3.0100762844085693,2.8900000000000006
3.0882980823516846,2.9599999999999973
2.6805660724639893,2.8599999999999994
2.8427443504333496,2.9200000000000017
2.618337392807007,3.039999999999999
2.7917888164520264,2.9399999999999977
2.5182344913482666,2.91
2.6744937896728516,2.9800000000000004
2.5137155055999756,2.9499999999999993
2.763972282409668,2.9400000000000013
2.731128215789795,2.9599999999999973
2.9439589977264404,2.919999999999998
2.98649525642395,2.990000000000002
3.0789895057678223,3.030000000000001
2.889434814453125,2.9400000000000013
2.8150670528411865,2.900000000000002
2.757385015487671,2.8999999999999986
2.63309645652771,2.900000000000002
2.6378369331359863,2.889999999999997
2.854944944381714,2.8200000000000003
2.871044874191284,2.8699999999999974
2.759960174560547,2.8900000000000006
2.8289012908935547,2.8900000000000006
2.7719242572784424,2.91
2.8056480884552,2.8900000000000006
2.6423535346984863,3.030000000000001
2.6258084774017334,2.75
2.77258563041687,2.9200000000000017
3.0846357345581055,2.830000000000002
2.809784412384033,2.900000000000002
2.6607189178466797,2.8900000000000006
2.8085999488830566,2.84
2.926211357116699,2.9299999999999997
3.033262014389038,2.84
2.7013356685638428,2.8500000000000014
2.6808290481567383,2.8500000000000014
2.615247964859009,2.8800000000000026
2.802211046218872,2.8100000000000023
2.5283215045928955,2.8099999999999987
2.5991382598876953,2.8500000000000014
2.755986452102661,2.7699999999999996
2.6487627029418945,2.830000000000002
2.8306424617767334,2.860000000000003
2.820371389389038,2.7699999999999996
2.763829231262207,2.8299999999999983
2.9317209720611572,2.780000000000001
2.6690027713775635,2.8800000000000026
2.6709697246551514,2.8000000000000007
2.665390968322754,2.789999999999999
2.5623700618743896,2.740000000000002
2.7108852863311768,2.8000000000000007
2.511714458465576,2.799999999999997
2.5396976470947266,2.7600000000000016
2.438908815383911,2.799999999999997
2.5674245357513428,2.8200000000000003
2.742333173751831,2.8099999999999987
2.629324197769165,2.830000000000002
2.797715902328491,2.740000000000002
2.570143461227417,2.8099999999999987
2.804713249206543,2.830000000000002
2.8057360649108887,2.8000000000000007
2.5178234577178955,2.91
2.676325798034668,2.8400000000000034
2.742713689804077,2.860000000000003
2.9658381938934326,2.8400000000000034
2.706637382507324,2.7699999999999996
2.789180040359497,2.8500000000000014
2.7101359367370605,2.799999999999997
2.62076473236084,2.8099999999999987
2.540123701095581,2.710000000000001
2.7100160121917725,2.7300000000000004
2.5829830169677734,2.7699999999999996
2.4813296794891357,2.75
2.4917805194854736,2.7399999999999984
2.6313626766204834,2.6799999999999997
2.632235050201416,2.75
2.5710339546203613,2.710000000000001
2.6340460777282715,2.7399999999999984
2.7513632774353027,2.6999999999999993
2.701646327972412,2.6900000000000013
2.6028079986572266,2.6999999999999993
2.533113718032837,2.710000000000001
2.519850969314575,2.7300000000000004
2.677037239074707,2.75
2.489097833633423,2.6400000000000006
2.62591814994812,2.6799999999999997
2.7359678745269775,2.719999999999999
2.74485182762146,2.6700000000000017
2.728867769241333,2.7099999999999973
2.6086432933807373,2.6799999999999997
2.7098281383514404,2.6400000000000006
2.5323126316070557,2.6799999999999997
2.529047966003418,2.6700000000000017
2.632802963256836,2.6799999999999997
2.594698429107666,2.7099999999999973
2.7121055126190186,2.6799999999999997
2.6526401042938232,2.66
2.629635810852051,2.7200000000000024
2.5800492763519287,2.7300000000000004
2.768827438354492,2.6700000000000017
2.7024991512298584,2.66
2.6781821250915527,2.6999999999999993
2.5729000568389893,2.6599999999999966
2.601499080657959,2.6499999999999986
2.6058030128479004,2.700000000000003
2.602012872695923,2.6799999999999997
2.5441031455993652,2.599999999999998
2.527631998062134,2.6799999999999997
2.5436418056488037,2.6400000000000006
2.595579147338867,2.66
2.7389070987701416,2.6799999999999997
2.57222580909729,2.7300000000000004
2.6926615238189697,2.66
2.530641794204712,2.669999999999998
2.6969892978668213,2.6799999999999997
2.5046114921569824,2.7200000000000024
2.5817313194274902,2.639999999999997
2.5926499366760254,2.6999999999999993
2.7070460319519043,2.66
2.6117734909057617,2.66
2.542410373687744,2.669999999999998
2.6012747287750244,2.6000000000000014
2.5988106727600098,2.6400000000000006
2.4665799140930176,2.6400000000000006
2.4646236896514893,2.6599999999999966
2.5871143341064453,2.6099999999999994
2.646573781967163,2.629999999999999
2.5340919494628906,2.6700000000000017
2.599074602127075,2.6799999999999997
2.553267240524292,2.629999999999999
2.52567982673645,2.719999999999999
2.662785768508911,2.639999999999997
2.5717289447784424,2.66
2.5440149307250977,2.6199999999999974
2.4888105392456055,2.6599999999999966
2.6115200519561768,2.669999999999998
2.6923179626464844,2.629999999999999
2.57344913482666,2.629999999999999
2.528332471847534,2.6099999999999994
2.6020476818084717,2.629999999999999
2.5089168548583984,2.6799999999999997
2.6736905574798584,2.6499999999999986
2.5852468013763428,2.6099999999999994
2.5753538608551025,2.629999999999999
2.57011079788208,2.6900000000000013
2.676485300064087,2.66
2.5692059993743896,2.629999999999999
2.5975916385650635,2.6400000000000006
2.565459966659546,2.66
2.7159841060638428,2.629999999999999
2.6001570224761963,2.59
2.596029281616211,2.6000000000000014
2.6785736083984375,2.629999999999999
2.582304000854492,2.6700000000000017
2.5362558364868164,2.639999999999997
2.519235134124756,2.6099999999999994
2.529282569885254,2.639999999999997
2.6394741535186768,2.6799999999999997
2.649218797683716,2.620000000000001
2.5470287799835205,2.6499999999999986
2.5867364406585693,2.6400000000000006
2.512300729751587,2.629999999999999
2.5693283081054688,2.620000000000001
2.41398286819458,2.6799999999999997
2.6423823833465576,2.629999999999999
2.5425963401794434,2.629999999999999
2.5341203212738037,2.639999999999997
2.5887229442596436,2.629999999999999
2.5220894813537598,2.629999999999999
2.4886953830718994,2.710000000000001
2.6078169345855713,2.620000000000001
2.6037189960479736,2.710000000000001
2.569035530090332,2.6099999999999994
2.561807870864868,2.629999999999999
2.5143158435821533,2.6499999999999986
2.5403614044189453,2.6099999999999994
2.49942946434021,2.6799999999999997
2.605677843093872,2.6900000000000013
2.6406970024108887,2.7200000000000024
2.6334750652313232,2.7200000000000024
2.585174560546875,2.650000000000002
2.6044633388519287,2.6999999999999993
2.643167495727539,2.7300000000000004
2.5196657180786133,2.6900000000000013
2.533076047897339,2.66
2.569483995437622,2.6899999999999977
2.6216773986816406,2.669999999999998
2.6137855052948,2.7099999999999973
2.5749731063842773,2.66
2.555305242538452,2.669999999999998
2.5407183170318604,2.66
2.5446760654449463,2.6999999999999993
2.6661860942840576,2.6899999999999977
2.7061731815338135,2.6799999999999997
2.64646053314209,2.7300000000000004
2.5502090454101562,2.66
2.668806552886963,2.669999999999998
2.598438262939453,2.7200000000000024
2.5295135974884033,2.6899999999999977
2.5840437412261963,2.6799999999999997
2.5738205909729004,2.6899999999999977
2.571638345718384,2.669999999999998
2.526627779006958,2.6700000000000017
2.5045764446258545,2.710000000000001
2.6534862518310547,2.789999999999999
2.6608169078826904,2.75
2.7082178592681885,2.710000000000001
2.6728076934814453,2.7300000000000004
2.575047492980957,2.6999999999999993
2.6409244537353516,2.7399999999999984
2.6536900997161865,2.710000000000001
2.67368483543396,2.7600000000000016
2.666036605834961,2.799999999999997
2.74906063079834,2.8000000000000007
2.6426665782928467,2.7699999999999996
2.7101492881774902,2.8000000000000007
2.6851935386657715,2.7600000000000016
2.6702020168304443,2.7699999999999996
2.6184844970703125,2.7699999999999996
2.7582623958587646,2.799999999999997
2.719052314758301,2.8200000000000003
2.7420663833618164,2.759999999999998
2.674856185913086,2.740000000000002
2.7118191719055176,2.7699999999999996
2.7524542808532715,2.7600000000000016
2.6300642490386963,2.7799999999999976
2.6697895526885986,2.7799999999999976
2.793735980987549,2.759999999999998
2.7726879119873047,2.7699999999999996
2.6954562664031982,2.6599999999999966
2.435152769088745,2.830000000000002
2.725058078765869,2.8000000000000007
2.6638121604919434,2.8500000000000014
2.85353684425354,2.870000000000001
2.682168960571289,2.740000000000002
2.621880531311035,2.8500000000000014
2.818037271499634,2.75
2.6744797229766846,2.7600000000000016
2.6661159992218018,2.7699999999999996
2.5436501502990723,2.7699999999999996
2.6215977668762207,2.75
2.702587366104126,3.4899999999999984
3.176095724105835,5.380000000000003
5.284272193908691,5.82
5.702436923980713,6.300000000000001
6.09348726272583,6.350000000000001
5.966170310974121,6.450000000000003
5.918213844299316,6.419999999999998
5.750882148742676,6.57
5.53955078125,6.539999999999999
5.297428131103516,6.91
5.107961654663086,8.180000000000001
5.1160993576049805,6.599999999999998
5.189039707183838,6.68
5.141017436981201,6.5
5.162367820739746,6.43
5.120214462280273,6.489999999999998
5.010347366333008,6.41
4.907462120056152,6.510000000000002
5.109838485717773,6.529999999999998
5.0238494873046875,6.399999999999999
4.9301581382751465,6.43
5.05548620223999,6.52
5.050786972045898,6.68
5.176950454711914,6.880000000000003
4.984397888183594,6.539999999999999
5.045922756195068,6.380000000000003
5.002523899078369,6.330000000000002
5.013504505157471,6.440000000000001
4.975427150726318,6.329999999999998
4.646892547607422,6.509999999999998
4.995474815368652,6.510000000000002
4.973839282989502,6.43
5.092147350311279,6.349999999999998
4.82437801361084,6.470000000000002
4.995429039001465,6.569999999999997
5.068850040435791,6.77
5.209026336669922,6.919999999999998
5.0837273597717285,6.859999999999999
5.016888618469238,6.57
4.995855808258057,6.25
4.721713066101074,6.359999999999999
5.1308112144470215,6.629999999999999
5.271871089935303,6.469999999999999
5.081621170043945,6.310000000000002
4.6795854568481445,6.400000000000002
4.871628761291504,6.219999999999999
4.959181785583496,6.359999999999999
4.85239839553833,6.509999999999998
5.018029689788818,6.710000000000001
5.090345859527588,6.640000000000001
5.256012916564941,6.66
5.1453399658203125,6.68
5.134758949279785,6.489999999999998
5.125876426696777,6.400000000000002
4.974003791809082,6.420000000000002
4.945634841918945,6.600000000000001
5.122285842895508,6.52
5.137088775634766,6.579999999999998
5.114394664764404,6.539999999999999
5.030277252197266,6.5
5.1298136711120605,6.300000000000001
4.982408046722412,6.530000000000001
4.936321258544922,6.699999999999999
5.115497589111328,6.670000000000002
5.020939826965332,6.530000000000001
5.011351585388184,6.449999999999999
4.902926445007324,6.599999999999998
5.126729965209961,6.550000000000001
5.072244167327881,6.489999999999998
4.947937965393066,6.600000000000001
4.930415630340576,6.43
5.037308216094971,6.489999999999998
5.0928568840026855,6.609999999999999
5.0628509521484375,6.489999999999998
5.0440263748168945,6.330000000000002
4.767634391784668,5.309999999999999
4.12925910949707,5.360000000000003
4.131657123565674,5.359999999999999
4.079293251037598,5.479999999999997
4.212867736816406,5.510000000000002
4.2191267013549805,5.550000000000001
4.3782854080200195,5.460000000000001
4.485233306884766,5.43
4.443038463592529,5.379999999999999
4.4951887130737305,5.379999999999999
4.476368427276611,5.41
4.48836612701416,5.399999999999999
4.339085102081299,5.360000000000003
4.385201930999756,5.379999999999999
4.47969388961792,5.460000000000001
4.533755302429199,5.640000000000001
4.8143534660339355,5.359999999999999
4.448104381561279,5.440000000000001
4.448908805847168,5.399999999999999
4.479618072509766,5.449999999999999
4.430221080780029,5.5
4.454353332519531,5.439999999999998
4.342781066894531,5.460000000000001
4.421937942504883,5.259999999999998
4.2775044441223145,5.449999999999999
4.300903797149658,5.449999999999999
4.482674598693848,5.449999999999999
4.429508209228516,5.380000000000003
4.419591903686523,5.41
4.48283576965332,5.360000000000003
4.46242094039917,5.359999999999999
4.474001407623291,5.34
4.366979122161865,5.440000000000001
4.499917030334473,5.41
4.4962286949157715,5.390000000000001
4.407070159912109,5.310000000000002
4.424736976623535,5.41
4.453707695007324,5.41
4.412416934967041,5.32
4.339048385620117,5.469999999999999
4.5777201652526855,5.43
4.517556667327881,5.41
4.514664649963379,5.41
4.455155849456787,5.469999999999999
4.54137659072876,5.420000000000002
4.469522476196289,5.390000000000001
4.332625389099121,5.360000000000003
4.39072322845459,5.400000000000002
4.375443458557129,5.41
4.424229145050049,5.440000000000001
4.515141487121582,5.420000000000002
4.402166843414307,5.420000000000002
4.44954776763916,5.400000000000002
4.34876823425293,5.43
4.435544490814209,5.469999999999999
4.379121780395508,5.399999999999999
4.445380210876465,5.41
4.501677513122559,5.539999999999999
4.521846771240234,5.310000000000002
4.42671537399292,5.420000000000002
4.514447212219238,5.379999999999999
4.415012359619141,5.459999999999997
4.554089546203613,5.490000000000002
4.486278533935547,5.41
4.526621341705322,5.41
4.400104999542236,5.400000000000002
4.448354721069336,5.510000000000002
4.527825355529785,5.280000000000001
4.206174850463867,5.239999999999998
4.230556011199951,5.34
4.410012722015381,5.550000000000001
4.6449103355407715,5.489999999999998
4.516190528869629,5.489999999999998
4.446384906768799,5.370000000000001
4.446633338928223,5.25
4.384400844573975,5.43
4.38541316986084,5.399999999999999
4.452171802520752,5.440000000000001
4.560362815856934,5.48
4.517523288726807,5.41
4.515490531921387,5.379999999999999
4.478079795837402,5.400000000000002
4.5057268142700195,5.41
4.467562198638916,5.390000000000001
4.24937105178833,5.41
4.316682815551758,5.370000000000001
4.321195602416992,5.469999999999999
4.580326557159424,5.369999999999997
4.29255485534668,5.440000000000001
4.578163146972656,5.370000000000001
4.4038801193237305,5.470000000000002
4.475966930389404,5.349999999999998
4.4960408210754395,5.539999999999999
4.532071113586426,5.439999999999998
4.538910865783691,5.490000000000002
4.450122356414795,5.48
4.659793853759766,5.510000000000002
4.514143943786621,5.550000000000001
4.509271144866943,5.509999999999998
4.521792888641357,5.489999999999998
4.622221946716309,5.530000000000001
4.494945526123047,5.510000000000002
4.3945770263671875,5.560000000000002
4.5414838790893555,5.48
4.644953727722168,5.489999999999998
4.408803462982178,5.550000000000001
4.552004814147949,5.489999999999998
4.5825910568237305,5.59
4.624719142913818,5.59
4.573728084564209,5.57
4.635881423950195,5.559999999999999
4.687135696411133,5.59
4.5143938064575195,5.549999999999997
4.523331642150879,5.52
4.501777648925781,5.609999999999999
4.503964900970459,5.5
4.511266231536865,5.75
4.563326835632324,5.629999999999999
4.555078029632568,5.620000000000001
4.581226825714111,5.629999999999999
4.595232009887695,5.689999999999998
4.749720096588135,5.699999999999999
4.705318450927734,5.709999999999997
4.724343776702881,5.600000000000001
4.4948248863220215,5.759999999999998
4.585846424102783,5.699999999999999
4.488653182983398,5.609999999999999
4.5974345207214355,5.73
4.561628341674805,5.790000000000003
4.684422492980957,5.84
4.732527732849121,5.77
4.762640953063965,5.709999999999997
4.783131122589111,5.73
4.63592004776001,5.800000000000001
4.683126449584961,5.620000000000001
4.561439037322998,5.949999999999999
4.531979084014893,6.02
4.630969524383545,5.77
4.6352009773254395,5.720000000000002
4.482779026031494,5.789999999999999
4.543900966644287,5.800000000000001
4.739928245544434,5.800000000000001
4.732638835906982,5.890000000000001
4.7039794921875,5.879999999999999
4.838220596313477,5.77
4.8881731033325195,5.82
4.615325927734375,5.760000000000002
4.667223930358887,5.850000000000001
4.510559558868408,5.830000000000002
4.731632232666016,5.810000000000002
4.661221504211426,5.75
4.5047807693481445,5.93
4.686280250549316,5.919999999999998
4.653421401977539,5.969999999999999
4.753743648529053,6.0
4.742212295532227,6.279999999999998
4.776834011077881,6.219999999999999
4.755415916442871,5.850000000000001
4.682044982910156,5.950000000000003
4.661316394805908,5.91
4.695436000823975,5.879999999999999
4.782979488372803,5.890000000000001
4.83544921875,5.979999999999997
4.60688591003418,5.919999999999998
4.7398834228515625,5.940000000000001
4.8341217041015625,5.879999999999999
4.7451934814453125,5.790000000000003
4.678138256072998,6.300000000000001
4.6888957023620605,5.75
4.515669345855713,5.949999999999999
4.633036136627197,5.830000000000002
4.737218379974365,5.890000000000001
4.719509124755859,5.870000000000001
4.614254474639893,5.829999999999998
4.723822593688965,5.859999999999999
4.7611284255981445,5.809999999999999
4.523736953735352,5.900000000000002
4.787407398223877,5.879999999999999
4.74705171585083,5.919999999999998
4.779665470123291,5.979999999999997
4.76749849319458,5.82
4.714491844177246,5.82
4.710725784301758,5.899999999999999
4.718825340270996,5.810000000000002
4.708523273468018,5.799999999999997
4.681780815124512,5.859999999999999
4.715695381164551,5.879999999999999
4.779624938964844,5.800000000000001
4.660438060760498,5.880000000000003
4.718448162078857,5.890000000000001
4.793459415435791,6.060000000000002
4.684150218963623,5.809999999999999
4.741617679595947,6.030000000000001
4.784704208374023,5.93
4.812807083129883,6.489999999999998
4.673981666564941,6.359999999999999
4.846334457397461,5.970000000000002
4.9167938232421875,6.09
4.72869348526001,5.849999999999998
4.752202033996582,6.030000000000001
4.714582920074463,5.859999999999999
4.731540203094482,5.969999999999999
4.714140892028809,5.940000000000001
4.747767925262451,5.920000000000002
4.875551700592041,5.91
4.777095317840576,5.890000000000001
4.56463098526001,5.98
4.6573686599731445,5.91
4.678177833557129,5.869999999999997
4.745448589324951,5.960000000000001
4.622885704040527,5.93
4.702359199523926,5.780000000000001
4.7583770751953125,5.989999999999998
4.826672554016113,5.850000000000001
4.695644855499268,5.809999999999999
4.628874778747559,5.739999999999998
4.832857608795166,5.990000000000002
4.701409816741943,5.759999999999998
4.7064127922058105,5.690000000000001
4.571373462677002,5.73
4.571479797363281,5.77
4.6139068603515625,5.699999999999999
4.526628017425537,5.719999999999999
4.564818382263184,5.770000000000003
4.543272495269775,5.710000000000001
4.630471229553223,5.789999999999999
4.6145124435424805,5.789999999999999
4.7303924560546875,5.75
4.642000198364258,5.75
4.704532623291016,5.700000000000003
4.583600044250488,5.609999999999999
4.517917156219482,5.609999999999999
4.538873195648193,5.640000000000001
4.5947136878967285,5.669999999999998
4.64078950881958,5.720000000000002
4.640339374542236,5.73
4.729156970977783,5.560000000000002
4.6071577072143555,5.609999999999999
4.649946212768555,5.530000000000001
4.475942611694336,5.670000000000002
4.702000617980957,5.559999999999999
4.547077178955078,5.649999999999999
4.5331525802612305,5.609999999999999
4.61550235748291,5.640000000000001
4.685785293579102,5.669999999999998
4.663329124450684,5.619999999999997
4.54218053817749,5.670000000000002
4.59047794342041,5.640000000000001
4.482985496520996,5.640000000000001
4.6880412101745605,5.59
4.610002517700195,5.649999999999999
4.67790412902832,5.539999999999999
4.355937480926514,5.510000000000002
4.5323567390441895,5.510000000000002
4.602469444274902,5.390000000000001
4.396990776062012,5.599999999999998
4.662344455718994,5.48
4.455602645874023,5.460000000000001
4.601630687713623,5.380000000000003
4.220161437988281,5.43
4.380164623260498,5.469999999999999
4.527925968170166,5.449999999999999
4.434342861175537,5.48
4.466525554656982,5.34
4.450608253479004,5.359999999999999
4.4809370040893555,5.390000000000001
4.4114837646484375,5.490000000000002
4.455800533294678,5.75
4.697793006896973,5.379999999999999
4.54587984085083,5.59
4.682190418243408,5.390000000000001
4.4802680015563965,5.280000000000001
4.406672954559326,5.359999999999999
4.356941223144531,5.240000000000002
4.205170631408691,5.68
4.6107096672058105,5.670000000000002
4.612667560577393,5.68
4.757058143615723,5.780000000000001
4.824649333953857,5.68
4.7326788902282715,5.719999999999999
4.779242038726807,5.670000000000002
4.632254123687744,5.699999999999999
4.6855692863464355,5.720000000000002
4.635787010192871,5.699999999999999
4.5521392822265625,5.779999999999998
4.788944721221924,5.669999999999998
4.585110187530518,5.620000000000001
4.605494022369385,5.699999999999999
4.616345405578613,5.59
4.51283073425293,5.620000000000001
4.619317054748535,5.609999999999999
4.500265121459961,5.52
4.429328441619873,5.599999999999998
4.553133964538574,5.559999999999999
4.580533981323242,5.550000000000001
4.599582195281982,5.579999999999998
4.491663455963135,5.559999999999999
4.583089351654053,5.619999999999997
4.653151035308838,5.59
4.543281555175781,5.579999999999998
4.471652507781982,5.580000000000002
4.6697187423706055,5.550000000000001
4.680107593536377,5.560000000000002
4.571168899536133,5.530000000000001
4.564502716064453,5.550000000000001
4.57905387878418,5.439999999999998
4.3687357902526855,5.57
4.470947742462158,5.699999999999999
4.599600791931152,5.48
4.535899639129639,5.52
4.4640913009643555,5.550000000000001
4.484208583831787,5.489999999999998
4.572507858276367,5.539999999999999
4.541962146759033,5.579999999999998
4.592874526977539,5.560000000000002
4.6133952140808105,5.529999999999998
4.6092729568481445,5.539999999999999
4.480280876159668,5.539999999999999
4.603492736816406,5.510000000000002
4.485759735107422,5.5
4.488444805145264,5.399999999999999
4.425197601318359,5.48
4.516510486602783,5.490000000000002
4.510859489440918,5.550000000000001
4.547099590301514,5.460000000000001
4.471185684204102,5.449999999999999
4.515918731689453,5.530000000000001
4.6049957275390625,5.490000000000002
4.56379508972168,5.48
4.525053977966309,5.41
4.389687538146973,5.509999999999998
4.462151527404785,5.460000000000001
4.4969801902771,5.439999999999998
4.449847221374512,5.509999999999998
4.483632564544678,5.439999999999998
4.536149501800537,5.469999999999999
4.608857154846191,5.469999999999999
4.520025253295898,5.539999999999999
4.58751106262207,5.539999999999999
4.708884239196777,5.379999999999999
4.496464252471924,5.549999999999997
4.644334316253662,5.5
4.382622718811035,5.580000000000002
4.575026512145996,5.550000000000001
4.6524271965026855,5.52
4.587349891662598,5.559999999999999
4.5467963218688965,5.59
4.513514041900635,5.57
4.6046552658081055,5.550000000000001
4.64844274520874,5.609999999999999
4.58219575881958,5.639999999999997
4.687071800231934,5.600000000000001
4.529984474182129,5.620000000000001
4.6033124923706055,5.5
4.45098876953125,5.629999999999999
4.864190578460693,5.66
4.548980712890625,5.689999999999998
4.625986099243164,5.609999999999999
4.479764938354492,5.580000000000002
4.472064018249512,5.739999999999998
4.713445663452148,5.59
4.44387149810791,5.66
4.725064754486084,5.620000000000001
4.477418422698975,5.719999999999999
4.633368968963623,5.73
4.524120330810547,5.719999999999999
4.571773529052734,5.729999999999997
4.5627760887146,5.800000000000001
4.733489036560059,5.82
4.780307292938232,5.780000000000001
4.8863043785095215,5.73
4.716480731964111,5.629999999999999
4.6084418296813965,5.719999999999999
4.773588180541992,5.620000000000001
4.622702598571777,4.850000000000001
4.040578842163086,4.880000000000003
3.810364007949829,4.93
4.016948223114014,4.849999999999998
3.720116138458252,4.530000000000001
3.2371275424957275,4.57
3.806307315826416,4.530000000000001
3.7252657413482666,4.710000000000001
3.8471930027008057,4.610000000000003
3.81301212310791,4.580000000000002
3.9037489891052246,4.710000000000001
4.345564842224121,4.609999999999999
4.227394104003906,4.66
4.101395130157471,4.609999999999999
3.81736159324646,4.629999999999999
4.09004020690918,4.48
3.878530263900757,4.640000000000001
3.711313009262085,4.57
3.883800983428955,3.960000000000001
3.586076498031616,3.91
3.6798572540283203,3.879999999999999
3.364328384399414,3.6499999999999986
3.2255351543426514,3.1499999999999986
2.708460807800293,3.030000000000001
2.7127699851989746,3.0199999999999996
2.9815831184387207,3.080000000000002
2.8206167221069336,3.169999999999998
3.052917718887329,3.16
2.789931058883667,3.0600000000000023
2.9066057205200195,3.129999999999999
2.9299075603485107,3.129999999999999
3.0646321773529053,3.120000000000001
3.1146347522735596,3.1499999999999986
3.059551239013672,3.0799999999999983
2.7601659297943115,3.0599999999999987
2.871389627456665,3.129999999999999
3.031385660171509,3.1900000000000013
2.8772435188293457,3.1099999999999994
2.716400384902954,3.1400000000000006
2.7398364543914795,3.169999999999998
3.2168490886688232,3.169999999999998
2.9186525344848633,3.139999999999997
3.0817883014678955,3.150000000000002
2.9833714962005615,3.16
3.2540838718414307,3.169999999999998
3.0145533084869385,3.1099999999999994
2.8734214305877686,3.139999999999997
3.0173418521881104,3.120000000000001
2.87034273147583,3.1900000000000013
3.1641783714294434,3.080000000000002
2.7733821868896484,3.2600000000000016
3.0831313133239746,3.0700000000000003
3.006647825241089,3.039999999999999
3.224355936050415,3.09
2.8941571712493896,3.1099999999999994
2.825615882873535,3.0199999999999996
3.1094305515289307,3.16
3.0077693462371826,3.0599999999999987
2.830651044845581,3.2200000000000024
2.8502557277679443,3.1700000000000017
2.912907123565674,3.1899999999999977
3.018338680267334,3.2699999999999996
3.065401077270508,3.3000000000000007
2.8088042736053467,3.3200000000000003
3.3030803203582764,3.219999999999999
2.731771469116211,3.1499999999999986
3.0673248767852783,3.2399999999999984
2.880453586578369,3.1199999999999974
3.196641683578491,3.349999999999998
3.1674036979675293,3.219999999999999
2.9523725509643555,3.34
3.1053552627563477,3.229999999999997
3.115398406982422,3.259999999999998
2.9835753440856934,3.1799999999999997
2.8489279747009277,3.1499999999999986
3.034165859222412,3.2699999999999996
3.0573718547821045,3.370000000000001
3.0078508853912354,3.219999999999999
3.0668225288391113,3.289999999999999
3.08603572845459,3.2600000000000016
3.171884059906006,3.349999999999998
3.11527681350708,3.299999999999997
3.145854949951172,3.2699999999999996
3.0909392833709717,3.349999999999998
3.1811025142669678,3.280000000000001
3.2350070476531982,3.3900000000000006
3.263850450515747,3.4400000000000013
3.3065025806427,3.400000000000002
3.3114428520202637,3.330000000000002
3.0716519355773926,3.3099999999999987
3.1401820182800293,3.2699999999999996
3.161785364151001,3.150000000000002
3.157348871231079,3.3099999999999987
3.0628457069396973,3.34
3.1260650157928467,3.2300000000000004
3.1764118671417236,3.3099999999999987
3.328011989593506,3.3800000000000026
3.3222949504852295,3.34
3.1203033924102783,3.360000000000003
3.1192073822021484,3.3299999999999983
2.8851685523986816,3.3500000000000014
3.260110855102539,3.3500000000000014
3.1023435592651367,3.469999999999999
3.222094774246216,3.280000000000001
3.1454691886901855,3.379999999999999
3.185481548309326,3.280000000000001
3.2925939559936523,3.3900000000000006
3.1385467052459717,3.330000000000002
3.064894437789917,3.2699999999999996
3.207967758178711,3.3500000000000014
3.1458024978637695,3.3400000000000034
2.936568021774292,3.240000000000002
3.1338207721710205,3.3200000000000003
3.0272631645202637,3.3100000000000023
3.136646270751953,3.379999999999999
3.0743281841278076,3.2799999999999976
2.9156525135040283,3.3200000000000003
3.231868267059326,3.3099999999999987
3.039278745651245,3.3500000000000014
3.028930902481079,3.460000000000001
3.233874559402466,3.34
3.2137928009033203,3.4899999999999984
3.4923369884490967,3.240000000000002
3.22863507270813,3.3299999999999983
3.407727003097534,3.4299999999999997
3.0860936641693115,3.270000000000003
2.8494725227355957,3.370000000000001
3.0945377349853516,3.370000000000001
3.2228803634643555,3.2300000000000004
2.95080304145813,3.3699999999999974
2.667609453201294,3.3900000000000006
3.046574115753174,3.379999999999999
3.3088743686676025,3.3500000000000014
2.9406988620758057,3.3000000000000007
3.05621337890625,3.2900000000000027
3.309598207473755,3.289999999999999
3.2212939262390137,3.3200000000000003
2.972003221511841,3.3200000000000003
3.143751859664917,3.460000000000001
3.3230698108673096,3.6000000000000014
3.3596138954162598,3.490000000000002
2.9095873832702637,3.41
3.1738040447235107,3.2300000000000004
3.192250967025757,3.549999999999997
3.3931937217712402,3.3500000000000014
2.8897619247436523,3.419999999999998
3.2912721633911133,3.41
3.2412874698638916,3.59
3.3386855125427246,3.4800000000000004
3.2693512439727783,3.379999999999999
3.1307597160339355,3.5700000000000003
3.339576244354248,3.379999999999999
2.950256109237671,3.379999999999999
3.1713645458221436,3.5599999999999987
3.0310616493225098,3.34
2.896987199783325,3.5
3.347362518310547,3.3099999999999987
3.362672805786133,3.41
3.5292656421661377,3.4300000000000033
2.7481532096862793,3.4299999999999997
3.3385398387908936,3.3999999999999986
2.6712539196014404,3.6099999999999994
3.3008735179901123,3.4700000000000024
3.131946325302124,3.5100000000000016
3.3292667865753174,3.789999999999999
3.5696310997009277,3.5799999999999983
3.4252781867980957,3.0599999999999987
3.431645631790161,3.129999999999999
3.0780932903289795,2.9800000000000004
2.86190128326416,2.8599999999999994
2.4774889945983887,2.879999999999999
2.8058202266693115,2.6700000000000017
2.501628875732422,2.5699999999999967
2.561038017272949,2.379999999999999
2.3637447357177734,1.9400000000000013
2.1074061393737793,1.990000000000002
2.0797622203826904,1.6600000000000001
1.7947026491165161,1.6600000000000001
1.8362053632736206,1.8300000000000018
1.8358383178710938,1.7999999999999972
1.9000550508499146,1.7600000000000016
1.864679217338562,1.7899999999999991
2.0882632732391357,1.5200000000000031
1.6380232572555542,1.4400000000000013
1.613744854927063,1.4699999999999989
1.3914978504180908,1.2600000000000016
1.2935744524002075,1.2399999999999984
1.164865255355835,1.379999999999999
1.3387110233306885,1.2099999999999973
1.2573691606521606,1.3499999999999979
1.2931647300720215,1.2199999999999989
1.1485328674316406,1.3299999999999983
1.1429182291030884,1.2699999999999996
1.2227568626403809,1.3399999999999999
1.300459861755371,1.379999999999999
1.3016252517700195,1.2699999999999996
1.1007745265960693,1.3099999999999987
1.1736624240875244,1.3900000000000006
1.4146783351898193,1.4799999999999969
1.4637327194213867,1.3699999999999974
1.4149593114852905,1.3900000000000006
1.4092625379562378,1.2699999999999996
1.2856258153915405,1.2300000000000004
1.249955415725708,1.1900000000000013
1.154929518699646,1.0500000000000007
1.1009200811386108,1.0500000000000007
1.088779091835022,1.0999999999999979
1.1625781059265137,1.2099999999999973
1.1406837701797485,1.0599999999999987
1.0752071142196655,1.1300000000000026
1.0388394594192505,1.0500000000000007
1.070870280265808,1.1400000000000006
1.201289176940918,0.9600000000000009
0.9921467304229736,1.0
0.9557904601097107,1.0300000000000011
0.976347029209137,0.9899999999999984
0.9790982007980347,1.0599999999999987
0.9667941331863403,1.0
0.9625915884971619,1.1099999999999994
0.9231469035148621,1.0
0.9036276340484619,0.870000000000001
0.7636062502861023,1.0
0.8272033929824829,1.0
0.8591780066490173,0.8699999999999974
0.9111047387123108,0.9600000000000009
0.8771597146987915,0.9600000000000009
0.8815504312515259,0.9899999999999984
0.9526726603507996,0.9800000000000004
0.8333605527877808,1.0100000000000016
0.9155101776123047,0.9400000000000013
0.8788231015205383,0.8800000000000026
0.8589413166046143,0.990000000000002
0.8047996759414673,0.9700000000000024
0.943304181098938,0.8900000000000006
0.7149887681007385,0.9200000000000017
0.8958191275596619,0.9400000000000013
0.8128744959831238,0.7900000000000027
0.8707842826843262,0.7800000000000011
0.771336555480957,0.7700000000000031
0.8389111757278442,0.8200000000000003
0.772816002368927,0.7699999999999996
0.7506341338157654,0.7799999999999976
0.7563960552215576,0.7900000000000027
0.7020787000656128,0.8200000000000003
0.7490649819374084,0.9299999999999997
0.8428741693496704,0.8200000000000003
0.8223122954368591,0.7399999999999984
0.7526121139526367,0.7100000000000009
0.7232823371887207,0.8200000000000003
0.8063940405845642,0.7699999999999996
0.7905007600784302,0.8200000000000003
0.799294650554657,0.7100000000000009
0.7057338356971741,0.7200000000000024
0.7416293025016785,0.7899999999999991
0.7308854460716248,0.7100000000000009
0.758296549320221,0.7899999999999991
0.7915497422218323,0.8100000000000023
0.7816364169120789,0.7900000000000027
0.7240795493125916,0.7800000000000011
0.7938811779022217,0.7899999999999991
0.7754719853401184,0.7600000000000016
0.8108163475990295,1.0199999999999996
0.878380298614502,0.9599999999999973
0.8995329141616821,0.889999999999997
0.9079219102859497,0.9699999999999989
0.9253292083740234,1.0100000000000016
0.9168773293495178,0.7200000000000024
0.7979360222816467,0.7600000000000016
0.7578752636909485,0.7399999999999984
0.8335771560668945,0.7600000000000016
0.7222219705581665,0.75
0.7918985486030579,0.7600000000000016
0.7431496381759644,0.7700000000000031
0.7405427694320679,0.8000000000000007
0.7457231283187866,0.8300000000000018
0.7045800089836121,0.7199999999999989
0.8048169612884521,0.7399999999999984
0.762301504611969,0.75
0.7649646997451782,0.7100000000000009
0.7290443778038025,0.7800000000000011
0.7767280340194702,0.7700000000000031
0.7294480204582214,0.7099999999999973
0.7586355209350586,0.8299999999999983
0.7294619083404541,0.8399999999999999
0.8135566711425781,0.7299999999999969
0.7699305415153503,0.6700000000000017
0.6548330187797546,0.7399999999999984
0.7234228849411011,0.6600000000000001
0.5749034881591797,0.75
0.741765022277832,0.8000000000000007
0.7560936212539673,0.7300000000000004
0.7587060332298279,0.6799999999999997
0.6552255153656006,0.7800000000000011
0.6705702543258667,0.6799999999999997
0.7041964530944824,0.6900000000000013
0.747697114944458,0.6999999999999993
0.7665191888809204,0.75
0.7485865950584412,0.8000000000000007
0.7634294629096985,0.7699999999999996
0.8101688027381897,0.879999999999999
0.779594361782074,0.7399999999999984
0.7056268453598022,0.7399999999999984
0.7673508524894714,0.7900000000000027
0.7400428652763367,0.75
0.7893657684326172,0.7699999999999996
0.7785648703575134,0.7399999999999984
0.7381595373153687,0.8000000000000007
0.7984365820884705,0.8000000000000007
0.8002145290374756,0.7100000000000009
0.7598710060119629,0.740000000000002
0.7167370915412903,0.7199999999999989
0.7476546168327332,0.7399999999999984
0.7451474070549011,0.7300000000000004
0.7718570828437805,0.75
0.7422692775726318,0.7200000000000024
0.7758328914642334,0.7800000000000011
0.7071077227592468,0.75
0.7277755737304688,0.7900000000000027
0.7266828417778015,0.7700000000000031
0.7619130611419678,0.7000000000000028
0.708562970161438,0.6099999999999994
0.6561907529830933,0.75
0.6875682473182678,0.7099999999999973
0.6965233087539673,0.8399999999999999
0.7736607789993286,0.8000000000000007
0.7557708621025085,0.6600000000000001
0.6589371562004089,0.8599999999999994
0.7664900422096252,0.8399999999999999
0.7818580269813538,0.8100000000000023
0.7282328009605408,0.7100000000000009
0.730086088180542,0.7300000000000004
0.7128846049308777,0.759999999999998
0.7606915831565857,0.7399999999999984
0.730506420135498,0.7300000000000004
0.7329158782958984,0.6999999999999993
0.7287322878837585,0.7300000000000004
0.7074509859085083,0.740000000000002
0.6951451897621155,0.75
0.7525224089622498,0.7199999999999989
0.6976410150527954,0.7600000000000016
0.7091484665870667,0.7199999999999989
0.7735433578491211,0.740000000000002
0.7736530900001526,0.7700000000000031
0.7829035520553589,0.7600000000000016
0.7407954335212708,0.7199999999999989
0.7285252213478088,0.7199999999999989
0.6950427293777466,0.740000000000002
0.6933123469352722,0.6899999999999977
0.7563440799713135,0.6900000000000013
0.7086852788925171,0.6999999999999993
0.7502325177192688,0.7899999999999991
0.766116201877594,0.8800000000000026
0.8145889043807983,0.9600000000000009
0.8886218070983887,0.8399999999999999
0.7884905338287354,0.9699999999999989
0.8956903219223022,0.8900000000000006
0.8641425967216492,1.3900000000000006
1.2518941164016724,1.1999999999999993
1.1246113777160645,1.2600000000000016
1.2332940101623535,1.3200000000000003
1.274964451789856,1.4299999999999997
1.402119517326355,1.25
1.3136874437332153,1.6799999999999997
1.6537837982177734,1.5800000000000018
1.5579971075057983,1.5700000000000003
1.525618553161621,1.7399999999999984
1.725582480430603,1.2600000000000016
1.3773976564407349,1.1999999999999993
1.26077401638031,1.0199999999999996
1.2171603441238403,1.1600000000000001
1.25421941280365,1.129999999999999
1.100746989250183,1.129999999999999
1.1714133024215698,1.4299999999999997
1.2874900102615356,1.3499999999999979
1.2875422239303589,1.389999999999997
1.2615370750427246,1.379999999999999
1.471930980682373,1.4199999999999982
1.4249299764633179,1.3500000000000014
1.408138632774353,1.3900000000000006
1.3686957359313965,1.370000000000001
1.4144773483276367,1.4299999999999997
1.3812341690063477,1.3999999999999986
1.4181456565856934,1.3699999999999974
1.443711519241333,1.3599999999999994
1.4591665267944336,1.2900000000000027
1.2072854042053223,1.6799999999999997
1.6828407049179077,1.639999999999997
1.6309146881103516,1.5300000000000011
1.6832678318023682,1.5799999999999983
1.5969220399856567,1.5300000000000011
1.5420500040054321,1.8500000000000014
1.9868751764297485,1.9100000000000001
1.995205044746399,1.8699999999999974
1.8885383605957031,1.8200000000000003
1.9581024646759033,1.8200000000000003
1.9066802263259888,1.8500000000000014
2.091676950454712,2.1099999999999994
2.2982189655303955,2.039999999999999
2.0498812198638916,2.039999999999999
2.160027265548706,1.9699999999999989
1.8857431411743164,1.8999999999999986
1.9144023656845093,2.0600000000000023
2.186763286590576,1.9800000000000004
2.0982978343963623,1.9800000000000004
2.21464204788208,2.0299999999999976
2.0243422985076904,1.990000000000002
2.125565767288208,2.0599999999999987
2.1662118434906006,2.0199999999999996
2.114325523376465,2.0600000000000023
2.100731372833252,2.0299999999999976
2.0578832626342773,2.039999999999999
2.120086431503296,1.9200000000000017
2.2036116123199463,2.0400000000000027
2.11564564704895,1.9800000000000004
2.0888657569885254,1.990000000000002
2.215613842010498,1.9699999999999989
2.0329134464263916,1.9800000000000004
2.1234169006347656,2.0199999999999996
2.0722944736480713,2.0
2.0431978702545166,2.0
2.0931735038757324,1.9199999999999982
2.07810378074646,4.170000000000002
4.402782917022705,4.77
4.912621974945068,4.740000000000002
5.023349285125732,4.609999999999999
4.741561412811279,4.619999999999997
4.632469654083252,4.620000000000001
4.685513973236084,4.640000000000001
4.25270938873291,4.620000000000001
3.871387243270874,4.550000000000001
3.8565495014190674,4.600000000000001
4.005504131317139,5.129999999999999
4.437543869018555,5.050000000000001
4.550090789794922,5.07
4.388638019561768,5.579999999999998
5.255008220672607,6.23
5.5363030433654785,6.18
5.421628475189209,6.009999999999998
5.051823616027832,6.289999999999999
5.432651519775391,6.300000000000001
5.501318454742432,6.16
5.0075554847717285,6.129999999999999
5.034358978271484,6.18
4.966074466705322,6.27
5.020780086517334,6.300000000000001
5.078185081481934,6.329999999999998
5.026169776916504,6.34
4.733577251434326,6.219999999999999
4.666293144226074,6.140000000000001
5.055052757263184,6.329999999999998
5.026019096374512,6.189999999999998
4.959733009338379,6.16
5.109753608703613,6.260000000000002
5.006519317626953,6.050000000000001
4.896178722381592,6.23
4.804526329040527,6.189999999999998
4.756871223449707,6.229999999999997
4.771267890930176,6.059999999999999
4.7017974853515625,6.59
5.318073272705078,6.59
5.435195446014404,6.600000000000001
5.375088691711426,6.609999999999999
5.378845691680908,6.580000000000002
5.42191219329834,6.649999999999999
5.406430721282959,6.629999999999999
5.195614814758301,6.629999999999999
5.230530261993408,6.59
5.158492088317871,6.809999999999999
5.329278945922852,6.73
5.229537010192871,6.66
5.209446430206299,6.630000000000003
5.212737560272217,6.780000000000001
5.291391372680664,6.73
5.263707160949707,6.729999999999997
5.248483180999756,6.939999999999998
5.443429470062256,6.68
5.225470066070557,6.740000000000002
5.156851291656494,6.780000000000001
5.2828521728515625,6.809999999999999
5.433246612548828,6.73
5.17751407623291,6.790000000000003
5.222212791442871,6.809999999999999
5.352586269378662,6.899999999999999
5.363726615905762,6.690000000000001
5.143675327301025,6.640000000000001
5.058531284332275,6.829999999999998
5.349585056304932,6.77
5.293664455413818,6.639999999999997
5.113211631774902,6.719999999999999
5.047785758972168,6.670000000000002
5.146983623504639,6.82
5.313551902770996,7.199999999999999
5.302873134613037,6.73
5.26927375793457,6.780000000000001
5.313501358032227,7.039999999999999
5.2883429527282715,6.739999999999998
5.361142635345459,6.710000000000001
5.221598148345947,6.870000000000001
5.196751594543457,6.740000000000002
5.199952125549316,6.77
5.185283184051514,6.710000000000001
5.174396514892578,6.809999999999999
5.206316947937012,6.699999999999999
5.236611366271973,6.770000000000003
5.284233570098877,6.75
5.259897232055664,6.760000000000002
5.305037498474121,6.73
5.322018146514893,6.790000000000003
5.229276657104492,6.57
5.200003147125244,6.75
5.198485374450684,6.77
5.268973350524902,6.779999999999998
5.266127109527588,6.699999999999999
5.245611190795898,6.68
5.2149271965026855,6.759999999999998
5.220755577087402,6.689999999999998
5.259509086608887,6.710000000000001
5.213284015655518,6.719999999999999
5.27963399887085,6.82
5.213866233825684,6.73
5.269349575042725,6.600000000000001
5.116227626800537,6.609999999999999
5.0795745849609375,6.68
5.107397079467773,6.690000000000001
5.184086799621582,6.68
5.269051551818848,6.699999999999999
5.269720077514648,6.600000000000001
5.197589874267578,6.57
5.175450325012207,6.639999999999997
5.203105926513672,6.609999999999999
5.199481010437012,6.740000000000002
5.216670036315918,6.540000000000003
5.092958927154541,6.579999999999998
5.198414325714111,6.609999999999999
5.171257972717285,6.529999999999998
5.185013294219971,6.539999999999999
5.150125503540039,6.699999999999999
5.107728481292725,6.559999999999999
5.1389594078063965,6.470000000000002
5.061120510101318,6.550000000000001
5.059099197387695,6.530000000000001
5.118220329284668,6.549999999999997
5.072117328643799,6.550000000000001
5.058279514312744,6.530000000000001
5.084880828857422,6.469999999999999
5.084811687469482,6.439999999999998
5.123017311096191,6.5
5.077254295349121,6.399999999999999
5.166419982910156,6.509999999999998
5.130643844604492,6.52
5.107125282287598,6.549999999999997
5.072816371917725,6.530000000000001
5.274902820587158,6.620000000000001
5.242610931396484,6.349999999999998
4.914464473724365,6.390000000000001
5.08860969543457,6.32
5.092818737030029,6.43
5.073235034942627,6.460000000000001
5.058683395385742,6.5
4.998441219329834,6.439999999999998
5.284106254577637,6.41
5.07503080368042,6.620000000000001
5.0903143882751465,6.68
5.150221824645996,6.75
5.387927532196045,6.639999999999997
5.177100658416748,6.719999999999999
5.194423675537109,6.75
5.330742359161377,6.73
5.204405784606934,6.719999999999999
5.286888599395752,6.859999999999999
5.189817905426025,6.849999999999998
5.243918418884277,7.469999999999999
5.14754056930542,6.91
5.243405818939209,6.789999999999999
5.112231254577637,6.579999999999998
5.187065124511719,6.59
5.083255767822266,6.59
5.233604907989502,6.530000000000001
5.236306190490723,6.580000000000002
5.245603561401367,6.68
5.225323677062988,6.599999999999998
5.1984639167785645,6.68
5.274287223815918,6.809999999999999
5.310430526733398,6.719999999999999
5.209516525268555,6.579999999999998
5.09713077545166,6.57
5.091291904449463,6.580000000000002
5.178628921508789,6.669999999999998
5.1276421546936035,6.760000000000002
5.303762912750244,6.859999999999999
5.409964084625244,6.740000000000002
5.245894908905029,6.780000000000001
5.308571815490723,6.73
5.378011703491211,6.66
5.302134990692139,6.880000000000003
5.226334571838379,6.710000000000001
5.092178821563721,6.75
5.286281585693359,7.09
5.064623832702637,6.899999999999999
5.264371395111084,6.82
5.221827983856201,6.790000000000003
5.1391096115112305,6.859999999999999
5.229596138000488,6.670000000000002
4.998437881469727,6.84
5.207627773284912,6.579999999999998
5.0506696701049805,6.640000000000001
5.118505477905273,6.710000000000001
5.132364273071289,6.609999999999999
5.294130325317383,6.699999999999999
5.3735857009887695,6.699999999999999
5.363249778747559,6.609999999999999
5.3037590980529785,6.66
5.294571876525879,6.59
5.192920207977295,6.57
5.112687587738037,6.780000000000001
5.3788580894470215,6.800000000000001
5.4905219078063965,6.790000000000003
5.41827392578125,6.779999999999998
5.26154899597168,6.59
5.239634037017822,6.609999999999999
5.190962314605713,6.759999999999998
5.172584533691406,6.5
4.985866069793701,6.780000000000001
5.253937721252441,6.66
5.325735092163086,6.640000000000001
5.209003448486328,6.789999999999999
5.32645320892334,6.599999999999998
5.076052665710449,6.52
4.903139114379883,6.640000000000001
5.0016021728515625,6.699999999999999
5.2339768409729,6.710000000000001
5.177887439727783,6.640000000000001
5.133862018585205,6.780000000000001
5.231317043304443,6.539999999999999
5.174264907836914,6.77
5.225928783416748,6.640000000000001
5.136566638946533,6.579999999999998
5.167852878570557,6.77
5.134767055511475,6.73
5.292581558227539,6.75
5.286816596984863,6.66
5.382901191711426,6.760000000000002
5.299860000610352,6.609999999999999
5.131542682647705,6.640000000000001
5.138092517852783,6.770000000000003
5.171016216278076,6.760000000000002
5.254394054412842,7.109999999999999
5.225468635559082,6.850000000000001
5.383691310882568,7.34
5.331784725189209,6.720000000000002
5.3059000968933105,6.959999999999997
5.391395568847656,6.780000000000001
5.325401782989502,6.720000000000002
5.242340087890625,6.740000000000002
5.177131175994873,6.719999999999999
5.276701927185059,6.73
5.101322174072266,6.659999999999997
5.152972221374512,6.800000000000001
5.238707065582275,6.890000000000001
5.41314172744751,6.900000000000002
5.331104278564453,6.969999999999999
5.370548248291016,7.929999999999998
5.311918258666992,6.77
5.2743096351623535,6.810000000000002
5.260924339294434,7.039999999999999
5.53334903717041,6.879999999999999
5.41298246383667,6.760000000000002
5.2511749267578125,6.91
5.43409538269043,6.880000000000003
5.405206680297852,6.740000000000002
5.138652324676514,6.810000000000002
5.113897323608398,6.98
5.384749889373779,6.899999999999999
5.29041862487793,6.949999999999999
5.3778605461120605,6.91
5.382293701171875,6.890000000000001
5.3822736740112305,6.880000000000003
5.275425434112549,6.899999999999999
5.252704620361328,6.870000000000001
5.316300392150879,6.850000000000001
5.214176177978516,6.800000000000001
5.271332740783691,6.710000000000001
5.155830383300781,6.800000000000001
5.265888214111328,6.829999999999998
5.300532341003418,6.73
5.266516208648682,6.830000000000002
5.198227405548096,6.879999999999999
5.348191738128662,6.890000000000001
5.3635759353637695,6.740000000000002
5.284984588623047,6.760000000000002
5.29218864440918,6.869999999999997
5.331690788269043,6.850000000000001
5.265663146972656,6.780000000000001
5.07526159286499,6.719999999999999
5.15513277053833,6.790000000000003
5.305167198181152,7.0
5.312648773193359,7.280000000000001
5.388339519500732,6.970000000000002
5.602824687957764,6.790000000000003
5.391155242919922,6.84
5.3362040519714355,6.899999999999999
5.4324631690979,7.07
5.487844467163086,7.34
5.286214828491211,6.760000000000002
5.171195983886719,6.690000000000001
5.213350296020508,7.18
5.1895670890808105,7.16
5.274199485778809,7.709999999999997
5.217073917388916,7.109999999999999
5.3549017906188965,6.899999999999999
5.304817199707031,6.760000000000002
5.416629791259766,7.280000000000001
5.322766304016113,6.789999999999999
5.2854180335998535,7.650000000000002
5.239391326904297,6.699999999999999
5.181148529052734,6.859999999999999
5.209137916564941,7.0
5.250126838684082,7.09
5.185967922210693,7.280000000000001
5.189052104949951,6.639999999999997
5.258166790008545,7.029999999999998
5.276958465576172,6.890000000000001
5.144736289978027,7.489999999999998
5.271207809448242,7.120000000000001
5.350946426391602,7.449999999999999
5.370866775512695,7.16
5.28835916519165,7.219999999999999
5.30156135559082,7.220000000000002
5.231337547302246,6.810000000000002
5.240236759185791,6.819999999999997
5.082091331481934,7.76
5.1601762771606445,6.920000000000002
5.134899616241455,7.43
5.2867112159729,6.700000000000003
5.286432266235352,7.190000000000001
5.308212757110596,6.93
5.300825595855713,7.059999999999999
5.260572910308838,7.289999999999999
5.354644298553467,6.719999999999999
5.239340305328369,7.300000000000001
5.2561469078063965,6.780000000000001
5.241063117980957,7.41
5.356708526611328,6.75
5.329610347747803,6.98
5.244829177856445,6.810000000000002
5.2502031326293945,6.579999999999998
5.198022842407227,6.899999999999999
5.210557460784912,6.93
5.197965621948242,6.940000000000001
5.19180154800415,6.960000000000001
5.086978912353516,6.710000000000001
5.074273586273193,6.93
5.091371059417725,7.59
5.246315002441406,6.489999999999998
5.106703758239746,6.609999999999999
5.123195648193359,6.739999999999998
5.171319961547852,6.709999999999997
5.206691741943359,7.069999999999997
5.049217700958252,6.93
5.216521263122559,6.68
5.24183464050293,6.760000000000002
5.222110271453857,6.73
5.214179039001465,6.960000000000001
5.18594217300415,7.289999999999999
5.283319473266602,7.210000000000001
5.156712532043457,6.759999999999998
5.202275276184082,6.540000000000003
5.1648077964782715,6.770000000000003
5.0549421310424805,6.630000000000003
5.099059104919434,6.560000000000002
5.012436389923096,6.760000000000002
5.070455551147461,7.169999999999998
4.998971939086914,7.23
5.172939300537109,6.5
5.102970123291016,6.43
5.006665229797363,6.300000000000001
4.948454856872559,6.380000000000003
5.098361492156982,6.23
5.09724235534668,6.280000000000001
4.969592094421387,6.259999999999998
4.97993803024292,6.27
4.904076099395752,6.280000000000001
4.967355728149414,6.23
4.953207969665527,6.27
5.001738548278809,6.200000000000003
4.911856651306152,6.380000000000003
5.137308120727539,6.199999999999999
5.037147521972656,6.260000000000002
5.022315979003906,6.199999999999999
4.979723930358887,6.189999999999998
5.003631114959717,6.190000000000001
4.908267021179199,6.209999999999997
4.987202167510986,6.23
5.026738166809082,6.170000000000002
5.04653787612915,6.25
4.973782539367676,6.199999999999999
4.947087287902832,6.149999999999999
5.0164642333984375,6.149999999999999
4.962835788726807,6.170000000000002
4.996817588806152,6.210000000000001
4.930030345916748,6.149999999999999
4.948166847229004,6.150000000000002
4.990482330322266,6.09
4.8400115966796875,6.169999999999998
4.947140693664551,6.119999999999997
4.86014986038208,6.190000000000001
4.972194671630859,6.129999999999999
4.946215629577637,6.120000000000001
4.928898811340332,6.18
4.9367756843566895,7.16
5.133343696594238,8.6
4.99545955657959,8.59
4.999258518218994,8.430000000000001
4.804204940795898,9.18
4.399930477142334,4.419999999999998
3.345264196395874,4.450000000000003
3.356549024581909,4.350000000000001
3.472299337387085,4.349999999999998
3.5108094215393066,4.370000000000001
3.4801197052001953,4.300000000000001
3.6795618534088135,4.329999999999998
3.8451504707336426,0.8800000000000026
0.9929733276367188,4.260000000000002
3.092048406600952,3.6099999999999994
3.047783136367798,4.700000000000003
4.341740131378174,6.109999999999999
5.172503471374512,6.260000000000002
5.5200700759887695,6.0
6.076321601867676,6.16
5.601019859313965,6.010000000000002
5.641892433166504,5.969999999999999
5.227391719818115,6.57
4.906222343444824,6.259999999999998
4.8594069480896,6.09
5.049378395080566,6.010000000000002
4.9841413497924805,6.009999999999998
4.89762020111084,6.240000000000002
4.981794357299805,6.02
4.966900825500488,6.300000000000001
4.919217586517334,6.02
4.828454494476318,6.02
4.925485610961914,6.210000000000001
4.967631816864014,6.059999999999999
4.811966896057129,6.0
4.830852508544922,6.010000000000002
4.990655422210693,6.030000000000001
4.999098777770996,6.030000000000001
4.860823154449463,5.970000000000002
4.8246870040893555,6.120000000000001
5.006771087646484,6.030000000000001
4.989076614379883,6.189999999999998
4.903736114501953,6.050000000000001
4.876458644866943,6.050000000000001
4.894958019256592,6.09
4.901300430297852,6.229999999999997
4.873783588409424,6.309999999999999
4.917065620422363,6.460000000000001
4.930671691894531,6.0
4.940377235412598,6.09
4.962191581726074,6.060000000000002
4.905977249145508,6.0
4.845553398132324,5.919999999999998
4.775821685791016,5.93
4.821296691894531,6.010000000000002
4.8798675537109375,5.93
4.838525772094727,5.990000000000002
4.9117841720581055,6.02
4.903395175933838,6.169999999999998
5.0755414962768555,6.009999999999998
4.921968460083008,6.07
4.987196445465088,6.039999999999999
4.865685939788818,6.02
4.943957805633545,5.979999999999997
4.915280818939209,6.109999999999999
4.91485071182251,5.989999999999998
4.812650680541992,5.989999999999998
4.827754974365234,5.98
4.906577110290527,6.060000000000002
4.922966003417969,5.979999999999997
4.8723039627075195,6.020000000000003
4.89038610458374,6.07
5.05728816986084,6.059999999999999
4.987403392791748,6.020000000000003
4.907496452331543,6.109999999999999
4.986482620239258,6.050000000000001
4.971735954284668,6.07
4.958316326141357,6.060000000000002
4.932650089263916,6.02
4.9645304679870605,6.07
4.918785095214844,6.099999999999998
4.8990020751953125,6.169999999999998
5.016261100769043,6.139999999999997
5.038396835327148,6.09
4.882349491119385,6.129999999999999
5.003944396972656,6.050000000000001
4.950928688049316,6.099999999999998
4.99807596206665,6.139999999999997
4.9795918464660645,6.129999999999999
4.976090908050537,6.09
4.957685470581055,5.93
4.71248722076416,6.149999999999999
5.010046005249023,6.119999999999997
5.026734352111816,6.09
4.8544697761535645,5.240000000000002
4.168901443481445,4.419999999999998
3.561065673828125,4.149999999999999
3.3161613941192627,3.419999999999998
2.724688768386841,3.4499999999999993
2.6771302223205566,2.0199999999999996
1.401087999343872,1.6899999999999977
1.3980096578598022,2.7600000000000016
2.246779203414917,2.4899999999999984
2.3243813514709473,2.3100000000000023
2.271574020385742,2.2699999999999996
2.29514217376709,2.4800000000000004
2.6490540504455566,2.4399999999999977
2.6003801822662354,2.4400000000000013
2.4483258724212646,2.4800000000000004
2.477984666824341,2.4499999999999993
2.540571689605713,2.4499999999999993
2.535177707672119,2.4499999999999993
2.495917558670044,2.469999999999999
2.517463445663452,2.3200000000000003
2.39536452293396,2.3100000000000023
2.379605293273926,2.289999999999999
2.3662664890289307,2.280000000000001
2.375563859939575,2.469999999999999
2.465550422668457,2.4499999999999993
2.479990243911743,2.4299999999999997
2.505112886428833,2.400000000000002
2.4764628410339355,2.4400000000000013
2.525813579559326,2.4299999999999997
2.4825003147125244,2.450000000000003
2.515061378479004,2.1900000000000013
2.270594835281372,2.219999999999999
2.330369472503662,2.25
2.297227382659912,2.25
2.3061575889587402,2.219999999999999
2.311882734298706,1.9100000000000001
2.0615413188934326,2.049999999999997
2.1677262783050537,2.0500000000000007
2.1816627979278564,2.0599999999999987
2.1503658294677734,2.0600000000000023
2.1530849933624268,2.0599999999999987
2.195876359939575,2.0299999999999976
2.15671443939209,2.1999999999999993
2.2827041149139404,2.1899999999999977
2.308814525604248,2.150000000000002
2.2846851348876953,2.16
2.2902936935424805,2.629999999999999
2.7145705223083496,2.539999999999999
2.7131872177124023,2.5599999999999987
2.6485342979431152,2.509999999999998
2.6086411476135254,2.5700000000000003
2.6667072772979736,2.5299999999999976
2.6220881938934326,2.5599999999999987
2.564413070678711,2.5299999999999976
2.5583343505859375,2.5700000000000003
2.5631589889526367,2.5600000000000023
2.5567753314971924,2.539999999999999
2.571009874343872,2.5700000000000003
2.58323073387146,2.5599999999999987
2.5705175399780273,2.5600000000000023
2.6260874271392822,2.539999999999999
2.554405689239502,2.5500000000000007
2.5687761306762695,2.580000000000002
2.5899786949157715,2.5600000000000023
2.5409154891967773,2.599999999999998
2.6152713298797607,2.5799999999999983
2.5650017261505127,2.6099999999999994
2.622002601623535,2.59
2.5936784744262695,2.59
2.607372522354126,2.5500000000000007
2.521538019180298,2.580000000000002
2.576345443725586,2.5500000000000007
2.5716335773468018,2.5600000000000023
2.5554473400115967,2.5700000000000003
2.5693469047546387,2.580000000000002
2.5872080326080322,2.5799999999999983
2.584972381591797,2.5599999999999987
2.5458314418792725,2.530000000000001
2.516575336456299,2.5500000000000007
2.552753448486328,2.599999999999998
2.6194489002227783,2.5799999999999983
2.6130945682525635,2.59
2.610245943069458,2.5500000000000007
2.5780599117279053,2.5700000000000003
2.6869330406188965,2.5400000000000027
2.5841286182403564,2.59
2.5446226596832275,2.5700000000000003
2.5793535709381104,2.5600000000000023
2.52810001373291,2.5500000000000007
2.5353968143463135,2.5400000000000027
2.562626361846924,2.520000000000003
2.562354326248169,2.5500000000000007
2.5952506065368652,2.5700000000000003
2.625887870788574,2.59
2.601978063583374,2.5700000000000003
2.555717706680298,2.59
2.596614360809326,2.5700000000000003
2.5860917568206787,2.6199999999999974
2.6455047130584717,2.5600000000000023
2.607273817062378,2.6000000000000014
2.6260299682617188,2.520000000000003
2.5511462688446045,2.6099999999999994
2.5558199882507324,2.580000000000002
2.640850067138672,2.530000000000001
2.568199634552002,2.5600000000000023
2.5444834232330322,2.59
2.568730354309082,2.539999999999999
2.496213912963867,2.5799999999999983
2.57540225982666,2.5799999999999983
2.5936801433563232,3.9299999999999997
3.914541244506836,3.789999999999999
3.8395919799804688,3.830000000000002
3.8992412090301514,3.8000000000000007
3.7862918376922607,3.789999999999999
3.690819025039673,3.8200000000000003
3.7383899688720703,3.8299999999999983
3.500702381134033,3.8099999999999987
3.466341257095337,3.8099999999999987
3.4982001781463623,3.8100000000000023
3.4773247241973877,3.780000000000001
3.5947163105010986,3.8599999999999994
3.587479829788208,3.8099999999999987
3.5252249240875244,3.8500000000000014
3.5208775997161865,3.789999999999999
3.5731825828552246,3.8099999999999987
3.4666690826416016,3.849999999999998
3.5218231678009033,3.740000000000002
3.3199024200439453,3.8299999999999983
3.482445240020752,3.789999999999999
3.42558217048645,3.8299999999999983
3.397686004638672,3.8200000000000003
3.474677562713623,3.879999999999999
3.4971866607666016,3.830000000000002
3.478595733642578,3.8699999999999974
3.49912166595459,3.879999999999999
3.5758135318756104,3.84
3.4969217777252197,3.879999999999999
3.607102394104004,3.849999999999998
3.56807804107666,3.8900000000000006
3.5629336833953857,3.849999999999998
3.546633720397949,3.830000000000002
3.5243563652038574,3.900000000000002
3.6082029342651367,3.879999999999999
3.6239140033721924,3.8299999999999983
3.544795274734497,3.8599999999999994
3.460861921310425,3.8800000000000026
3.516666889190674,3.9499999999999993
3.673070192337036,3.919999999999998
3.6053192615509033,3.9399999999999977
3.480726957321167,3.919999999999998
3.533327579498291,3.960000000000001
3.6640965938568115,4.030000000000001
3.7870371341705322,3.8999999999999986
3.663255453109741,4.030000000000001
3.7624802589416504,3.9899999999999984
3.6337592601776123,4.02
3.7324283123016357,4.050000000000001
3.6851799488067627,4.120000000000001
3.6681768894195557,4.27
3.8717267513275146,4.27
3.8843605518341064,4.200000000000003
3.7493016719818115,4.059999999999999
3.6042916774749756,4.140000000000001
3.7627804279327393,4.100000000000001
3.611454963684082,4.18
3.657743215560913,4.09
3.6570003032684326,4.109999999999999
3.711760997772217,3.91
3.6882994174957275,3.919999999999998
3.5275869369506836,3.950000000000003
3.5560667514801025,3.9800000000000004
3.647226095199585,3.9899999999999984
3.739365577697754,4.0
3.440988302230835,3.9400000000000013
3.5225460529327393,3.8500000000000014
3.4655961990356445,3.91
3.489239454269409,3.9200000000000017
3.6394262313842773,3.9400000000000013
3.7006990909576416,3.9399999999999977
3.5268681049346924,3.91
3.735482931137085,3.889999999999997
3.6546976566314697,3.900000000000002
3.7190892696380615,3.8999999999999986
3.4980082511901855,3.879999999999999
3.581880807876587,3.9399999999999977
3.6921145915985107,3.900000000000002
3.703580379486084,4.0
3.516568899154663,3.9299999999999997
3.60138201713562,3.8599999999999994
3.698343515396118,3.900000000000002
3.592653512954712,3.8900000000000006
3.6434109210968018,3.900000000000002
3.455122232437134,3.9299999999999997
3.5918517112731934,3.9299999999999997
3.583724021911621,3.8699999999999974
3.4789626598358154,3.969999999999999
3.494434118270874,3.9299999999999997
3.5927021503448486,3.9400000000000013
3.6489791870117188,3.879999999999999
3.6119909286499023,3.849999999999998
3.3936407566070557,3.9299999999999997
3.3935110569000244,3.789999999999999
3.274646520614624,3.9400000000000013
3.524115562438965,3.8299999999999983
3.2229485511779785,3.879999999999999
3.4460294246673584,3.919999999999998
3.5361850261688232,3.919999999999998
3.27909255027771,3.9700000000000024
3.7652175426483154,3.8699999999999974
3.5574917793273926,3.9499999999999993
3.731922149658203,3.879999999999999
3.5272114276885986,3.9400000000000013
3.6592538356781006,3.960000000000001
3.7246768474578857,3.8000000000000007
3.4451663494110107,3.919999999999998
3.379647970199585,3.91
3.5769670009613037,3.889999999999997
3.4188554286956787,3.91
3.6474130153656006,3.8299999999999983
3.550008535385132,3.8999999999999986
3.603721857070923,3.8999999999999986
3.5462429523468018,3.9400000000000013
3.652820110321045,3.879999999999999
3.6872541904449463,3.9099999999999966
3.604661703109741,3.91
3.5618796348571777,3.879999999999999
3.6805574893951416,3.919999999999998
3.737565040588379,3.8500000000000014
3.6095926761627197,2.990000000000002
2.885997772216797,3.240000000000002
3.071739912033081,2.8900000000000006
2.878506660461426,2.9599999999999973
2.7508785724639893,3.0
2.807649850845337,2.9499999999999993
2.927112340927124,2.9299999999999997
2.865565538406372,2.900000000000002
2.609694719314575,3.020000000000003
3.0110037326812744,2.9899999999999984
2.696185827255249,3.009999999999998
2.900087594985962,3.0400000000000027
2.8522136211395264,3.0500000000000007
3.0788629055023193,3.0500000000000007
2.884458065032959,3.0199999999999996
3.121511220932007,2.9400000000000013
2.908398151397705,3.0400000000000027
3.067819595336914,2.8500000000000014
3.031013011932373,2.919999999999998
2.9618098735809326,2.919999999999998
3.006035089492798,2.8999999999999986
2.6864542961120605,2.8999999999999986
2.871074676513672,2.9299999999999997
2.773235559463501,3.0199999999999996
2.940589666366577,2.8900000000000006
2.8101694583892822,2.8900000000000006
2.792792558670044,2.8599999999999994
2.7732675075531006,2.9299999999999997
2.9911835193634033,2.870000000000001
3.0556774139404297,2.8900000000000006
2.6754934787750244,2.84
2.788357973098755,2.870000000000001
2.9592177867889404,2.870000000000001
2.796539068222046,2.870000000000001
2.549556016921997,2.879999999999999
2.8088932037353516,2.9400000000000013
2.8054254055023193,2.8500000000000014
2.794548988342285,2.8900000000000006
2.8524158000946045,2.870000000000001
2.7244720458984375,2.9399999999999977
2.984875440597534,2.8599999999999994
2.9306845664978027,2.870000000000001
2.886187791824341,2.9399999999999977
2.9787449836730957,1.2100000000000009
1.703325629234314,1.4400000000000013
1.636910319328308,1.5700000000000003
1.6268647909164429,1.6499999999999986
1.8067271709442139,1.6900000000000013
1.7682942152023315,1.7000000000000028
1.8644490242004395,1.6499999999999986
1.8778876066207886,1.6799999999999997
1.6855171918869019,1.6899999999999977
1.7796350717544556,2.259999999999998
2.3026630878448486,2.2600000000000016
1.8954249620437622,2.1000000000000014
2.244919538497925,1.8300000000000018
1.9575259685516357,1.8900000000000006
2.071406841278076,1.7799999999999976
1.8089402914047241,1.9600000000000009
2.052243947982788,1.9299999999999997
2.044294595718384,2.039999999999999
2.0795319080352783,1.9800000000000004
2.1520140171051025,1.8500000000000014
2.0305299758911133,2.770000000000003
3.0210301876068115,2.6700000000000017
2.8103764057159424,2.6400000000000006
2.7696545124053955,2.7300000000000004
2.905439615249634,2.66
2.834527015686035,2.6799999999999997
2.826464891433716,2.7099999999999973
2.7405893802642822,2.6799999999999997
2.714210033416748,2.6700000000000017
2.663335084915161,2.4800000000000004
2.4034342765808105,2.5799999999999983
2.5504372119903564,2.539999999999999
2.584507942199707,2.41
2.35190486907959,2.3999999999999986
2.429476499557495,2.3599999999999994
2.4763340950012207,2.41
2.591179847717285,2.349999999999998
2.4838056564331055,2.3599999999999994
2.4198737144470215,2.389999999999997
2.4529738426208496,2.389999999999997
2.383694648742676,2.34
2.475192070007324,2.2300000000000004
2.1345667839050293,2.5700000000000003
2.6645925045013428,2.379999999999999
2.4376182556152344,2.3599999999999994
2.4695334434509277,2.2699999999999996
2.0890519618988037,2.780000000000001
2.9857470989227295,2.719999999999999
3.008594512939453,2.710000000000001
2.625296115875244,2.84
2.9865963459014893,2.7600000000000016
2.498905897140503,2.84
3.077110767364502,2.719999999999999
2.745211124420166,2.780000000000001
2.754370927810669,2.849999999999998
2.928847312927246,3.1999999999999993
3.2092537879943848,2.8299999999999983
3.1072914600372314,2.7099999999999973
2.692660093307495,2.7600000000000016
2.8105690479278564,2.780000000000001
2.791595458984375,2.8900000000000006
3.0264248847961426,2.780000000000001
2.7785472869873047,2.8200000000000003
2.8121795654296875,2.7699999999999996
2.71305251121521,2.719999999999999
2.7413148880004883,2.7300000000000004
2.747157573699951,2.740000000000002
2.6619670391082764,2.7399999999999984
2.747729778289795,2.719999999999999
2.7977020740509033,2.41
2.489935874938965,2.5199999999999996
2.5966765880584717,2.4300000000000033
2.3940353393554688,2.09
2.2855355739593506,2.16
2.222583293914795,2.16
2.3537769317626953,2.1899999999999977
2.347583293914795,2.1099999999999994
2.2821924686431885,2.150000000000002
2.1741576194763184,2.219999999999999
2.3367326259613037,2.099999999999998
2.1617894172668457,2.219999999999999
2.222053050994873,2.25
2.3158321380615234,2.450000000000003
2.690943956375122,2.4400000000000013
2.4384632110595703,2.41
2.548837423324585,2.1799999999999997
2.3170764446258545,2.1899999999999977
2.471811056137085,2.120000000000001
2.28035044670105,2.3999999999999986
2.3607704639434814,2.2399999999999984
2.294710159301758,1.5799999999999983
1.7432456016540527,1.7699999999999996
1.913857340812683,1.7699999999999996
1.904100775718689,1.4100000000000001
1.634757399559021,1.4699999999999989
1.6330534219741821,1.4700000000000024
1.6021939516067505,1.3699999999999974
1.5547893047332764,1.4400000000000013
1.5386548042297363,1.4800000000000004
1.5826284885406494,1.4699999999999989
1.5759923458099365,1.4500000000000028
1.5157420635223389,1.4500000000000028
1.5939732789993286,1.4299999999999997
1.506968379020691,1.4499999999999993
1.4086419343948364,1.4699999999999989
1.48971688747406,1.5299999999999976
1.6160873174667358,1.6600000000000001
1.809051275253296,2.3599999999999994
2.5477359294891357,2.3900000000000006
2.625296115875244,2.379999999999999
2.7214858531951904,2.400000000000002
2.586970090866089,2.41
2.6327202320098877,2.450000000000003
2.55446195602417,2.41
2.3927268981933594,2.379999999999999
2.419586181640625,2.3999999999999986
2.4488377571105957,2.419999999999998
2.400235891342163,2.3900000000000006
2.5438709259033203,2.379999999999999
2.5033388137817383,2.5
2.6745352745056152,2.34
2.3923778533935547,2.34
2.4458415508270264,2.4499999999999993
2.385145902633667,2.2699999999999996
2.301297903060913,2.59
2.4869139194488525,2.6999999999999993
2.6666958332061768,2.650000000000002
2.7140438556671143,2.7399999999999984
2.728940963745117,2.6899999999999977
2.7354884147644043,2.66
2.741569757461548,2.620000000000001
2.6872622966766357,2.66
2.6254351139068604,2.6099999999999994
2.6558592319488525,2.5700000000000003
2.613387107849121,2.6499999999999986
2.6646149158477783,2.66
2.6615443229675293,2.3599999999999994
2.370447874069214,2.3599999999999994
2.422553777694702,2.3800000000000026
2.4132843017578125,2.41
2.430478811264038,2.4400000000000013
2.499033212661743,2.3900000000000006
2.314979076385498,2.370000000000001
2.5065882205963135,2.3900000000000006
2.4340264797210693,2.41
2.5333666801452637,1.8399999999999999
2.073324203491211,1.889999999999997
2.0436277389526367,1.9100000000000001
2.0530881881713867,1.9199999999999982
2.050936222076416,1.9200000000000017
2.0183136463165283,1.9299999999999997
2.058098077774048,1.6900000000000013
1.8459172248840332,2.0100000000000016
2.123051643371582,1.9200000000000017
2.050528049468994,1.8999999999999986
2.074491262435913,1.9000000000000021
2.079272747039795,1.8900000000000006
2.043031692504883,1.8999999999999986
2.1044535636901855,1.9800000000000004
2.1745970249176025,1.9100000000000001
2.057748556137085,1.9500000000000028
2.1682016849517822,1.8000000000000007
1.997731328010559,1.8200000000000003
2.0295255184173584,1.6600000000000001
1.7820662260055542,1.7200000000000024
1.8567098379135132,1.5700000000000003
1.6958861351013184,1.5800000000000018
1.6736242771148682,1.6099999999999994
1.768516182899475,1.5199999999999996
1.6808788776397705,1.5199999999999996
1.5834137201309204,1.5300000000000011
1.6476271152496338,1.5
1.6272294521331787,1.5199999999999996
1.6437338590621948,1.5300000000000011
1.6138572692871094,1.5500000000000007
1.6121476888656616,1.3399999999999999
1.4609229564666748,1.3000000000000007
1.4301021099090576,1.1999999999999993
1.3043315410614014,1.2399999999999984
1.266638159751892,1.25
1.3209182024002075,1.129999999999999
1.23012113571167,1.1400000000000006
1.2035216093063354,1.1799999999999997
1.2326687574386597,1.1899999999999977
1.2397634983062744,1.1799999999999997
1.207298755645752,1.2100000000000009
1.2255783081054688,1.2199999999999989
1.260958194732666,1.259999999999998
1.264352798461914,1.259999999999998
1.2703864574432373,1.2699999999999996
1.323063850402832,1.2799999999999976
1.3221033811569214,1.2699999999999996
1.3044108152389526,1.2800000000000011
1.342073678970337,1.2800000000000011
1.3072220087051392,1.2799999999999976
1.342120885848999,1.2800000000000011
1.321000099182129,1.2699999999999996
1.341842770576477,1.240000000000002
1.3210649490356445,1.2699999999999996
1.3512401580810547,1.25
1.3226287364959717,1.2200000000000024
1.2947465181350708,1.2399999999999984
1.280684471130371,1.2600000000000016
1.3297429084777832,1.2300000000000004
1.2921222448349,1.2100000000000009
1.2975815534591675,1.2100000000000009
1.3020695447921753,1.2100000000000009
1.2482906579971313,1.259999999999998
1.3073766231536865,1.1000000000000014
1.1641894578933716,1.1199999999999974
1.189067006111145,1.1000000000000014
1.1653108596801758,1.0899999999999999
1.1393041610717773,1.110000000000003
1.1396936178207397,1.1000000000000014
1.139052152633667,1.0500000000000007
1.1020023822784424,1.0500000000000007
1.0897363424301147,1.0599999999999987
1.0917363166809082,1.0500000000000007
1.0820868015289307,1.0599999999999987
1.0903685092926025,1.0500000000000007
1.0838561058044434,1.0300000000000011
1.038989543914795,1.0399999999999991
1.0522663593292236,1.0199999999999996
1.0495802164077759,1.0199999999999996
1.04495370388031,1.0399999999999991
1.0507643222808838,1.0599999999999987
1.068947196006775,1.0299999999999976
1.0465129613876343,1.0299999999999976
1.050904631614685,0.9400000000000013
0.9721668362617493,0.8900000000000006
0.9414602518081665,0.8999999999999986
0.9388262629508972,0.9000000000000021
0.9222683310508728,0.8900000000000006
0.9227549433708191,0.8900000000000006
0.8843933939933777,0.9000000000000021
0.908492386341095,0.8900000000000006
0.9085161685943604,0.8800000000000026
0.9014812111854553,0.870000000000001
0.8987818956375122,0.870000000000001
0.881619930267334,0.860000000000003
0.9118101000785828,0.8800000000000026
0.8990470767021179,1.0500000000000007
0.990604817867279,1.0300000000000011
1.0056630373001099,0.9800000000000004
1.0000652074813843,1.0
1.0276505947113037,0.9799999999999969
1.0069506168365479,0.9899999999999984
1.0129348039627075,0.9499999999999993
0.9559897780418396,2.950000000000003
2.8385703563690186,2.490000000000002
2.693742513656616,2.84
3.008143424987793,2.4399999999999977
2.7399473190307617,2.3900000000000006
2.7332496643066406,2.41
2.787792444229126,2.41
2.427786111831665,2.4299999999999997
2.48310923576355,1.1999999999999993
1.5979012250900269,0.7699999999999996
1.173653483390808,0.7100000000000009
0.9572603106498718,0.7699999999999996
0.9995145201683044,0.7799999999999976
0.9075982570648193,0.759999999999998
0.8340362310409546,0.7699999999999996
0.7865393757820129,0.9499999999999993
0.9051308035850525,0.9800000000000004
0.9458763003349304,0.9699999999999989
0.9730452299118042,0.9399999999999977
0.9638715982437134,0.9299999999999997
0.9454350471496582,0.9000000000000021
0.9425702095031738,0.9199999999999982
0.9582681059837341,0.9200000000000017
